256
1
1.5830681730979816
1.607611865704152
1.6321555583103222
1.6566992509164924
1.6812429435226628
1.705786636128833
1.7303303287350031
1.7548740213411735
1.7794177139473437
1.8039614065535141
1.8285050991596843
1.8530487917658545
1.8775924843720249
1.902136176978195
1.9266798695843654
1.9512235621905356
1.9757672547967058
2.000310947402876
2.024854640009046
2.0493983326152168
2.073942025221387
2.098485717827557
2.1230294104337273
2.147573103039898
2.172116795646068
2.1966604882522383
2.2212041808584084
2.2457478734645786
2.270291566070749
2.294835258676919
2.3193789512830896
2.3439226438892597
2.36846633649543
2.3930100291016
2.4175537217077707
2.442097414313941
2.466641106920111
2.4911847995262812
2.5157284921324514
2.5402721847386216
2.5648158773447918
2.5893595699509624
2.6139032625571326
2.6384469551633027
2.6629906477694734
2.6875343403756435
2.7120780329818137
2.736621725587984
2.761165418194154
2.7857091108003242
2.8102528034064944
2.8347964960126646
2.859340188618835
2.8838838812250054
2.9084275738311756
2.932971266437346
2.9575149590435164
2.9820586516496865
3.0066023442558567
3.031146036862027
3.055689729468197
3.0802334220743672
3.1047771146805374
3.129320807286708
3.153864499892878
3.178408192499049
3.202951885105219
3.227495577711389
3.2520392703175593
3.2765829629237295
3.3011266555298997
3.32567034813607
3.35021404074224
3.3747577333484107
3.399301425954581
3.423845118560751
3.4483888111669216
3.472932503773092
3.497476196379262
3.522019888985432
3.5465635815916023
3.5711072741977725
3.5956509668039427
3.6201946594101133
3.6447383520162835
3.6692820446224537
3.693825737228624
3.718369429834794
3.7429131224409646
3.767456815047135
3.792000507653305
3.816544200259475
3.8410878928656453
3.865631585471816
3.890175278077986
3.9147189706841563
3.9392626632903265
3.9638063558964967
3.988350048502667
4.0128937411088375
4.037437433715008
4.061981126321178
4.086524818927348
4.111068511533518
4.135612204139688
4.160155896745859
4.184699589352029
4.2092432819582
4.233786974564369
4.25833066717054
4.28287435977671
4.3074180523828804
4.331961744989051
4.356505437595221
4.381049130201391
4.405592822807561
4.430136515413732
4.4546802080199015
4.479223900626073
4.503767593232242
4.528311285838413
4.552854978444583
4.577398671050753
4.601942363656923
4.626486056263094
4.651029748869265
4.675573441475434
4.700117134081605
4.724660826687774
4.749204519293945
4.773748211900115
4.798291904506286
4.822835597112456
4.847379289718626
4.871922982324796
4.896466674930966
4.9210103675371375
4.945554060143307
4.970097752749478
4.994641445355647
5.019185137961818
5.043728830567988
5.0682725231741586
5.092816215780329
5.117359908386499
5.141903600992669
5.166447293598839
5.19099098620501
5.21553467881118
5.240078371417351
5.26462206402352
5.289165756629691
5.313709449235861
5.338253141842031
5.3627968344482015
5.387340527054372
5.411884219660542
5.436427912266712
5.460971604872883
5.485515297479052
5.5100589900852235
5.534602682691393
5.559146375297564
5.583690067903734
5.608233760509904
5.632777453116074
5.6573211457222445
5.681864838328415
5.706408530934585
5.730952223540755
5.755495916146925
5.780039608753096
5.8045833013592665
5.829126993965437
5.853670686571607
5.878214379177777
5.902758071783947
5.927301764390117
5.9518454569962875
5.976389149602458
6.000932842208628
6.025476534814799
6.050020227420969
6.074563920027139
6.0991076126333095
6.12365130523948
6.14819499784565
6.17273869045182
6.19728238305799
6.22182607566416
6.2463697682703305
6.270913460876501
6.295457153482672
6.320000846088842
6.344544538695012
6.369088231301182
6.3936319239073525
6.418175616513523
6.442719309119693
6.467263001725863
6.491806694332033
6.516350386938203
6.5408940795443735
6.565437772150545
6.589981464756715
6.614525157362885
6.639068849969055
6.663612542575225
6.6881562351813955
6.712699927787566
6.737243620393736
6.761787312999906
6.786331005606076
6.810874698212247
6.835418390818417
6.859962083424588
6.884505776030758
6.909049468636928
6.933593161243098
6.958136853849268
6.9826805464554385
7.007224239061609
7.031767931667779
7.056311624273949
7.08085531688012
7.10539900948629
7.12994270209246
7.154486394698631
7.179030087304801
7.203573779910971
7.228117472517141
7.252661165123311
7.2772048577294814
7.301748550335652
7.326292242941822
7.350835935547993
7.375379628154163
7.399923320760333
7.424467013366503
7.449010705972674
7.473554398578844
7.498098091185014
7.522641783791184
7.547185476397354
7.571729169003524
7.5962728616096955
7.620816554215866
7.645360246822036
7.669903939428206
7.694447632034376
7.718991324640546
7.743535017246717
7.768078709852887
7.792622402459057
7.817166095065227
7.841709787671397
0.2566370614359172
0
0
