64
10
1.6198837120072371e+00
1.7180584824319181e+00
1.8162332528565990e+00
1.9144080232812801e+00
2.0125827937059615e+00
2.1107575641306422e+00
2.2089323345553233e+00
2.3071071049800045e+00
2.4052818754046856e+00
2.5034566458293668e+00
2.6016314162540475e+00
2.6998061866787286e+00
2.7979809571034098e+00
2.8961557275280905e+00
2.9943304979527716e+00
3.0925052683774528e+00
3.1906800388021339e+00
3.2888548092268151e+00
3.3870295796514958e+00
3.4852043500761769e+00
3.5833791205008581e+00
3.6815538909255388e+00
3.7797286613502199e+00
3.8779034317749010e+00
3.9760782021995826e+00
4.0742529726242633e+00
4.1724277430489440e+00
4.2706025134736247e+00
4.3687772838983063e+00
4.4669520543229870e+00
4.5651268247476686e+00
4.6633015951723493e+00
4.7614763655970300e+00
4.8596511360217116e+00
4.9578259064463923e+00
5.0560006768710739e+00
5.1541754472957546e+00
5.2523502177204353e+00
5.3505249881451160e+00
5.4486997585697976e+00
5.5468745289944783e+00
5.6450492994191599e+00
5.7432240698438406e+00
5.8413988402685213e+00
5.9395736106932029e+00
6.0377483811178836e+00
6.1359231515425652e+00
6.2340979219672459e+00
6.3322726923919266e+00
6.4304474628166082e+00
6.5286222332412889e+00
6.6267970036659705e+00
6.7249717740906512e+00
6.8231465445153319e+00
6.9213213149400135e+00
7.0194960853646942e+00
7.1176708557893749e+00
7.2158456262140565e+00
7.3140203966387372e+00
7.4121951670634179e+00
7.5103699374880994e+00
7.6085447079127801e+00
7.7067194783374617e+00
7.8048942487621424e+00
1.9233126984275228e+00
-5.8181157860064836e-02
-4.3283462430080122e-01
1.6198837120072371e+00
1.7180584824319181e+00
1.8162332528565990e+00
1.9144080232812801e+00
2.0125827937059615e+00
2.1107575641306422e+00
2.2089323345553233e+00
2.3071071049800045e+00
2.4052818754046856e+00
2.5034566458293668e+00
2.6016314162540475e+00
2.6998061866787286e+00
2.7979809571034098e+00
2.8961557275280905e+00
2.9943304979527716e+00
3.0925052683774528e+00
3.1906800388021339e+00
3.2888548092268151e+00
3.3870295796514958e+00
3.4852043500761769e+00
3.5833791205008581e+00
3.6815538909255388e+00
3.7797286613502199e+00
3.8779034317749010e+00
3.9760782021995826e+00
4.0742529726242633e+00
4.1724277430489440e+00
4.2706025134736247e+00
4.3687772838983063e+00
4.4669520543229870e+00
4.5651268247476686e+00
4.6633015951723493e+00
4.7614763655970300e+00
4.8596511360217116e+00
4.9578259064463923e+00
5.0560006768710739e+00
5.1541754472957546e+00
5.2523502177204353e+00
5.3505249881451160e+00
5.4486997585697976e+00
5.5468745289944783e+00
5.6450492994191599e+00
5.7432240698438406e+00
5.8413988402685213e+00
5.9395736106932029e+00
6.0377483811178836e+00
6.1359231515425652e+00
6.2340979219672459e+00
6.3322726923919266e+00
6.4304474628166082e+00
6.5286222332412889e+00
6.6267970036659705e+00
6.7249717740906512e+00
6.8231465445153319e+00
6.9213213149400135e+00
7.0194960853646942e+00
7.1176708557893749e+00
7.2158456262140565e+00
7.3140203966387372e+00
7.4121951670634179e+00
7.5103699374880994e+00
7.6085447079127801e+00
7.7067194783374617e+00
7.8048942487621424e+00
1.4180866278087092e+00
3.8781604861454966e-01
2.4417920992935183e-01
1.6198837120072371e+00
1.7180584824319181e+00
1.8162332528565990e+00
1.9144080232812801e+00
2.0125827937059615e+00
2.1107575641306422e+00
2.2089323345553233e+00
2.3071071049800045e+00
2.4052818754046856e+00
2.5034566458293668e+00
2.6016314162540475e+00
2.6998061866787286e+00
2.7979809571034098e+00
2.8961557275280905e+00
2.9943304979527716e+00
3.0925052683774528e+00
3.1906800388021339e+00
3.2888548092268151e+00
3.3870295796514958e+00
3.4852043500761769e+00
3.5833791205008581e+00
3.6815538909255388e+00
3.7797286613502199e+00
3.8779034317749010e+00
3.9760782021995826e+00
4.0742529726242633e+00
4.1724277430489440e+00
4.2706025134736247e+00
4.3687772838983063e+00
4.4669520543229870e+00
4.5651268247476686e+00
4.6633015951723493e+00
4.7614763655970300e+00
4.8596511360217116e+00
4.9578259064463923e+00
5.0560006768710739e+00
5.1541754472957546e+00
5.2523502177204353e+00
5.3505249881451160e+00
5.4486997585697976e+00
5.5468745289944783e+00
5.6450492994191599e+00
5.7432240698438406e+00
5.8413988402685213e+00
5.9395736106932029e+00
6.0377483811178836e+00
6.1359231515425652e+00
6.2340979219672459e+00
6.3322726923919266e+00
6.4304474628166082e+00
6.5286222332412889e+00
6.6267970036659705e+00
6.7249717740906512e+00
6.8231465445153319e+00
6.9213213149400135e+00
7.0194960853646942e+00
7.1176708557893749e+00
7.2158456262140565e+00
7.3140203966387372e+00
7.4121951670634179e+00
7.5103699374880994e+00
7.6085447079127801e+00
7.7067194783374617e+00
7.8048942487621424e+00
1.2347069166439368e+00
-7.1787819958147003e-01
-5.1800720331282402e-01
1.6198837120072371e+00
1.7180584824319181e+00
1.8162332528565990e+00
1.9144080232812801e+00
2.0125827937059615e+00
2.1107575641306422e+00
2.2089323345553233e+00
2.3071071049800045e+00
2.4052818754046856e+00
2.5034566458293668e+00
2.6016314162540475e+00
2.6998061866787286e+00
2.7979809571034098e+00
2.8961557275280905e+00
2.9943304979527716e+00
3.0925052683774528e+00
3.1906800388021339e+00
3.2888548092268151e+00
3.3870295796514958e+00
3.4852043500761769e+00
3.5833791205008581e+00
3.6815538909255388e+00
3.7797286613502199e+00
3.8779034317749010e+00
3.9760782021995826e+00
4.0742529726242633e+00
4.1724277430489440e+00
4.2706025134736247e+00
4.3687772838983063e+00
4.4669520543229870e+00
4.5651268247476686e+00
4.6633015951723493e+00
4.7614763655970300e+00
4.8596511360217116e+00
4.9578259064463923e+00
5.0560006768710739e+00
5.1541754472957546e+00
5.2523502177204353e+00
5.3505249881451160e+00
5.4486997585697976e+00
5.5468745289944783e+00
5.6450492994191599e+00
5.7432240698438406e+00
5.8413988402685213e+00
5.9395736106932029e+00
6.0377483811178836e+00
6.1359231515425652e+00
6.2340979219672459e+00
6.3322726923919266e+00
6.4304474628166082e+00
6.5286222332412889e+00
6.6267970036659705e+00
6.7249717740906512e+00
6.8231465445153319e+00
6.9213213149400135e+00
7.0194960853646942e+00
7.1176708557893749e+00
7.2158456262140565e+00
7.3140203966387372e+00
7.4121951670634179e+00
7.5103699374880994e+00
7.6085447079127801e+00
7.7067194783374617e+00
7.8048942487621424e+00
1.8167617678888657e+00
-3.1713521201205230e-01
3.9612011062752872e-01
1.6198837120072371e+00
1.7180584824319181e+00
1.8162332528565990e+00
1.9144080232812801e+00
2.0125827937059615e+00
2.1107575641306422e+00
2.2089323345553233e+00
2.3071071049800045e+00
2.4052818754046856e+00
2.5034566458293668e+00
2.6016314162540475e+00
2.6998061866787286e+00
2.7979809571034098e+00
2.8961557275280905e+00
2.9943304979527716e+00
3.0925052683774528e+00
3.1906800388021339e+00
3.2888548092268151e+00
3.3870295796514958e+00
3.4852043500761769e+00
3.5833791205008581e+00
3.6815538909255388e+00
3.7797286613502199e+00
3.8779034317749010e+00
3.9760782021995826e+00
4.0742529726242633e+00
4.1724277430489440e+00
4.2706025134736247e+00
4.3687772838983063e+00
4.4669520543229870e+00
4.5651268247476686e+00
4.6633015951723493e+00
4.7614763655970300e+00
4.8596511360217116e+00
4.9578259064463923e+00
5.0560006768710739e+00
5.1541754472957546e+00
5.2523502177204353e+00
5.3505249881451160e+00
5.4486997585697976e+00
5.5468745289944783e+00
5.6450492994191599e+00
5.7432240698438406e+00
5.8413988402685213e+00
5.9395736106932029e+00
6.0377483811178836e+00
6.1359231515425652e+00
6.2340979219672459e+00
6.3322726923919266e+00
6.4304474628166082e+00
6.5286222332412889e+00
6.6267970036659705e+00
6.7249717740906512e+00
6.8231465445153319e+00
6.9213213149400135e+00
7.0194960853646942e+00
7.1176708557893749e+00
7.2158456262140565e+00
7.3140203966387372e+00
7.4121951670634179e+00
7.5103699374880994e+00
7.6085447079127801e+00
7.7067194783374617e+00
7.8048942487621424e+00
1.2097797814995954e+00
6.2882299648130990e-01
7.4377914460401118e-01
1.6198837120072371e+00
1.7180584824319181e+00
1.8162332528565990e+00
1.9144080232812801e+00
2.0125827937059615e+00
2.1107575641306422e+00
2.2089323345553233e+00
2.3071071049800045e+00
2.4052818754046856e+00
2.5034566458293668e+00
2.6016314162540475e+00
2.6998061866787286e+00
2.7979809571034098e+00
2.8961557275280905e+00
2.9943304979527716e+00
3.0925052683774528e+00
3.1906800388021339e+00
3.2888548092268151e+00
3.3870295796514958e+00
3.4852043500761769e+00
3.5833791205008581e+00
3.6815538909255388e+00
3.7797286613502199e+00
3.8779034317749010e+00
3.9760782021995826e+00
4.0742529726242633e+00
4.1724277430489440e+00
4.2706025134736247e+00
4.3687772838983063e+00
4.4669520543229870e+00
4.5651268247476686e+00
4.6633015951723493e+00
4.7614763655970300e+00
4.8596511360217116e+00
4.9578259064463923e+00
5.0560006768710739e+00
5.1541754472957546e+00
5.2523502177204353e+00
5.3505249881451160e+00
5.4486997585697976e+00
5.5468745289944783e+00
5.6450492994191599e+00
5.7432240698438406e+00
5.8413988402685213e+00
5.9395736106932029e+00
6.0377483811178836e+00
6.1359231515425652e+00
6.2340979219672459e+00
6.3322726923919266e+00
6.4304474628166082e+00
6.5286222332412889e+00
6.6267970036659705e+00
6.7249717740906512e+00
6.8231465445153319e+00
6.9213213149400135e+00
7.0194960853646942e+00
7.1176708557893749e+00
7.2158456262140565e+00
7.3140203966387372e+00
7.4121951670634179e+00
7.5103699374880994e+00
7.6085447079127801e+00
7.7067194783374617e+00
7.8048942487621424e+00
1.2723402843057257e+00
5.5463645508682458e-01
-6.7667010776904246e-01
1.6198837120072371e+00
1.7180584824319181e+00
1.8162332528565990e+00
1.9144080232812801e+00
2.0125827937059615e+00
2.1107575641306422e+00
2.2089323345553233e+00
2.3071071049800045e+00
2.4052818754046856e+00
2.5034566458293668e+00
2.6016314162540475e+00
2.6998061866787286e+00
2.7979809571034098e+00
2.8961557275280905e+00
2.9943304979527716e+00
3.0925052683774528e+00
3.1906800388021339e+00
3.2888548092268151e+00
3.3870295796514958e+00
3.4852043500761769e+00
3.5833791205008581e+00
3.6815538909255388e+00
3.7797286613502199e+00
3.8779034317749010e+00
3.9760782021995826e+00
4.0742529726242633e+00
4.1724277430489440e+00
4.2706025134736247e+00
4.3687772838983063e+00
4.4669520543229870e+00
4.5651268247476686e+00
4.6633015951723493e+00
4.7614763655970300e+00
4.8596511360217116e+00
4.9578259064463923e+00
5.0560006768710739e+00
5.1541754472957546e+00
5.2523502177204353e+00
5.3505249881451160e+00
5.4486997585697976e+00
5.5468745289944783e+00
5.6450492994191599e+00
5.7432240698438406e+00
5.8413988402685213e+00
5.9395736106932029e+00
6.0377483811178836e+00
6.1359231515425652e+00
6.2340979219672459e+00
6.3322726923919266e+00
6.4304474628166082e+00
6.5286222332412889e+00
6.6267970036659705e+00
6.7249717740906512e+00
6.8231465445153319e+00
6.9213213149400135e+00
7.0194960853646942e+00
7.1176708557893749e+00
7.2158456262140565e+00
7.3140203966387372e+00
7.4121951670634179e+00
7.5103699374880994e+00
7.6085447079127801e+00
7.7067194783374617e+00
7.8048942487621424e+00
1.0000437939905902e+00
5.3195739414350873e-01
-1.6523639366395027e-01
1.6198837120072371e+00
1.7180584824319181e+00
1.8162332528565990e+00
1.9144080232812801e+00
2.0125827937059615e+00
2.1107575641306422e+00
2.2089323345553233e+00
2.3071071049800045e+00
2.4052818754046856e+00
2.5034566458293668e+00
2.6016314162540475e+00
2.6998061866787286e+00
2.7979809571034098e+00
2.8961557275280905e+00
2.9943304979527716e+00
3.0925052683774528e+00
3.1906800388021339e+00
3.2888548092268151e+00
3.3870295796514958e+00
3.4852043500761769e+00
3.5833791205008581e+00
3.6815538909255388e+00
3.7797286613502199e+00
3.8779034317749010e+00
3.9760782021995826e+00
4.0742529726242633e+00
4.1724277430489440e+00
4.2706025134736247e+00
4.3687772838983063e+00
4.4669520543229870e+00
4.5651268247476686e+00
4.6633015951723493e+00
4.7614763655970300e+00
4.8596511360217116e+00
4.9578259064463923e+00
5.0560006768710739e+00
5.1541754472957546e+00
5.2523502177204353e+00
5.3505249881451160e+00
5.4486997585697976e+00
5.5468745289944783e+00
5.6450492994191599e+00
5.7432240698438406e+00
5.8413988402685213e+00
5.9395736106932029e+00
6.0377483811178836e+00
6.1359231515425652e+00
6.2340979219672459e+00
6.3322726923919266e+00
6.4304474628166082e+00
6.5286222332412889e+00
6.6267970036659705e+00
6.7249717740906512e+00
6.8231465445153319e+00
6.9213213149400135e+00
7.0194960853646942e+00
7.1176708557893749e+00
7.2158456262140565e+00
7.3140203966387372e+00
7.4121951670634179e+00
7.5103699374880994e+00
7.6085447079127801e+00
7.7067194783374617e+00
7.8048942487621424e+00
1.2076562103025990e+00
-5.6643832439521691e-01
-1.1352071524430873e-01
1.6198837120072371e+00
1.7180584824319181e+00
1.8162332528565990e+00
1.9144080232812801e+00
2.0125827937059615e+00
2.1107575641306422e+00
2.2089323345553233e+00
2.3071071049800045e+00
2.4052818754046856e+00
2.5034566458293668e+00
2.6016314162540475e+00
2.6998061866787286e+00
2.7979809571034098e+00
2.8961557275280905e+00
2.9943304979527716e+00
3.0925052683774528e+00
3.1906800388021339e+00
3.2888548092268151e+00
3.3870295796514958e+00
3.4852043500761769e+00
3.5833791205008581e+00
3.6815538909255388e+00
3.7797286613502199e+00
3.8779034317749010e+00
3.9760782021995826e+00
4.0742529726242633e+00
4.1724277430489440e+00
4.2706025134736247e+00
4.3687772838983063e+00
4.4669520543229870e+00
4.5651268247476686e+00
4.6633015951723493e+00
4.7614763655970300e+00
4.8596511360217116e+00
4.9578259064463923e+00
5.0560006768710739e+00
5.1541754472957546e+00
5.2523502177204353e+00
5.3505249881451160e+00
5.4486997585697976e+00
5.5468745289944783e+00
5.6450492994191599e+00
5.7432240698438406e+00
5.8413988402685213e+00
5.9395736106932029e+00
6.0377483811178836e+00
6.1359231515425652e+00
6.2340979219672459e+00
6.3322726923919266e+00
6.4304474628166082e+00
6.5286222332412889e+00
6.6267970036659705e+00
6.7249717740906512e+00
6.8231465445153319e+00
6.9213213149400135e+00
7.0194960853646942e+00
7.1176708557893749e+00
7.2158456262140565e+00
7.3140203966387372e+00
7.4121951670634179e+00
7.5103699374880994e+00
7.6085447079127801e+00
7.7067194783374617e+00
7.8048942487621424e+00
8.4132665679770291e-01
7.7752557402384026e-01
6.2034971886152812e-02
1.6198837120072371e+00
1.7180584824319181e+00
1.8162332528565990e+00
1.9144080232812801e+00
2.0125827937059615e+00
2.1107575641306422e+00
2.2089323345553233e+00
2.3071071049800045e+00
2.4052818754046856e+00
2.5034566458293668e+00
2.6016314162540475e+00
2.6998061866787286e+00
2.7979809571034098e+00
2.8961557275280905e+00
2.9943304979527716e+00
3.0925052683774528e+00
3.1906800388021339e+00
3.2888548092268151e+00
3.3870295796514958e+00
3.4852043500761769e+00
3.5833791205008581e+00
3.6815538909255388e+00
3.7797286613502199e+00
3.8779034317749010e+00
3.9760782021995826e+00
4.0742529726242633e+00
4.1724277430489440e+00
4.2706025134736247e+00
4.3687772838983063e+00
4.4669520543229870e+00
4.5651268247476686e+00
4.6633015951723493e+00
4.7614763655970300e+00
4.8596511360217116e+00
4.9578259064463923e+00
5.0560006768710739e+00
5.1541754472957546e+00
5.2523502177204353e+00
5.3505249881451160e+00
5.4486997585697976e+00
5.5468745289944783e+00
5.6450492994191599e+00
5.7432240698438406e+00
5.8413988402685213e+00
5.9395736106932029e+00
6.0377483811178836e+00
6.1359231515425652e+00
6.2340979219672459e+00
6.3322726923919266e+00
6.4304474628166082e+00
6.5286222332412889e+00
6.6267970036659705e+00
6.7249717740906512e+00
6.8231465445153319e+00
6.9213213149400135e+00
7.0194960853646942e+00
7.1176708557893749e+00
7.2158456262140565e+00
7.3140203966387372e+00
7.4121951670634179e+00
7.5103699374880994e+00
7.6085447079127801e+00
7.7067194783374617e+00
7.8048942487621424e+00
1.3305778052329649e+00
1.6769134877559555e-01
6.8281227582292514e-01
