32
10
1.6689710972195777e+00
1.8653206380689396e+00
2.0616701789183014e+00
2.2580197197676637e+00
2.4543692606170260e+00
2.6507188014663878e+00
2.8470683423157497e+00
3.0434178831651120e+00
3.2397674240144743e+00
3.4361169648638361e+00
3.6324665057131980e+00
3.8288160465625602e+00
4.0251655874119230e+00
4.2215151282612844e+00
4.4178646691106467e+00
4.6142142099600090e+00
4.8105637508093713e+00
5.0069132916587336e+00
5.2032628325080950e+00
5.3996123733574573e+00
5.5959619142068195e+00
5.7923114550561809e+00
5.9886609959055432e+00
6.1850105367549055e+00
6.3813600776042678e+00
6.5777096184536301e+00
6.7740591593029915e+00
6.9704087001523538e+00
7.1667582410017161e+00
7.3631077818510775e+00
7.5594573227004398e+00
7.7558068635498021e+00
1.9233126984275228e+00
-5.8181157860064836e-02
-4.3283462430080122e-01
1.6689710972195777e+00
1.8653206380689396e+00
2.0616701789183014e+00
2.2580197197676637e+00
2.4543692606170260e+00
2.6507188014663878e+00
2.8470683423157497e+00
3.0434178831651120e+00
3.2397674240144743e+00
3.4361169648638361e+00
3.6324665057131980e+00
3.8288160465625602e+00
4.0251655874119230e+00
4.2215151282612844e+00
4.4178646691106467e+00
4.6142142099600090e+00
4.8105637508093713e+00
5.0069132916587336e+00
5.2032628325080950e+00
5.3996123733574573e+00
5.5959619142068195e+00
5.7923114550561809e+00
5.9886609959055432e+00
6.1850105367549055e+00
6.3813600776042678e+00
6.5777096184536301e+00
6.7740591593029915e+00
6.9704087001523538e+00
7.1667582410017161e+00
7.3631077818510775e+00
7.5594573227004398e+00
7.7558068635498021e+00
1.4180866278087092e+00
3.8781604861454966e-01
2.4417920992935183e-01
1.6689710972195777e+00
1.8653206380689396e+00
2.0616701789183014e+00
2.2580197197676637e+00
2.4543692606170260e+00
2.6507188014663878e+00
2.8470683423157497e+00
3.0434178831651120e+00
3.2397674240144743e+00
3.4361169648638361e+00
3.6324665057131980e+00
3.8288160465625602e+00
4.0251655874119230e+00
4.2215151282612844e+00
4.4178646691106467e+00
4.6142142099600090e+00
4.8105637508093713e+00
5.0069132916587336e+00
5.2032628325080950e+00
5.3996123733574573e+00
5.5959619142068195e+00
5.7923114550561809e+00
5.9886609959055432e+00
6.1850105367549055e+00
6.3813600776042678e+00
6.5777096184536301e+00
6.7740591593029915e+00
6.9704087001523538e+00
7.1667582410017161e+00
7.3631077818510775e+00
7.5594573227004398e+00
7.7558068635498021e+00
1.2347069166439368e+00
-7.1787819958147003e-01
-5.1800720331282402e-01
1.6689710972195777e+00
1.8653206380689396e+00
2.0616701789183014e+00
2.2580197197676637e+00
2.4543692606170260e+00
2.6507188014663878e+00
2.8470683423157497e+00
3.0434178831651120e+00
3.2397674240144743e+00
3.4361169648638361e+00
3.6324665057131980e+00
3.8288160465625602e+00
4.0251655874119230e+00
4.2215151282612844e+00
4.4178646691106467e+00
4.6142142099600090e+00
4.8105637508093713e+00
5.0069132916587336e+00
5.2032628325080950e+00
5.3996123733574573e+00
5.5959619142068195e+00
5.7923114550561809e+00
5.9886609959055432e+00
6.1850105367549055e+00
6.3813600776042678e+00
6.5777096184536301e+00
6.7740591593029915e+00
6.9704087001523538e+00
7.1667582410017161e+00
7.3631077818510775e+00
7.5594573227004398e+00
7.7558068635498021e+00
1.8167617678888657e+00
-3.1713521201205230e-01
3.9612011062752872e-01
1.6689710972195777e+00
1.8653206380689396e+00
2.0616701789183014e+00
2.2580197197676637e+00
2.4543692606170260e+00
2.6507188014663878e+00
2.8470683423157497e+00
3.0434178831651120e+00
3.2397674240144743e+00
3.4361169648638361e+00
3.6324665057131980e+00
3.8288160465625602e+00
4.0251655874119230e+00
4.2215151282612844e+00
4.4178646691106467e+00
4.6142142099600090e+00
4.8105637508093713e+00
5.0069132916587336e+00
5.2032628325080950e+00
5.3996123733574573e+00
5.5959619142068195e+00
5.7923114550561809e+00
5.9886609959055432e+00
6.1850105367549055e+00
6.3813600776042678e+00
6.5777096184536301e+00
6.7740591593029915e+00
6.9704087001523538e+00
7.1667582410017161e+00
7.3631077818510775e+00
7.5594573227004398e+00
7.7558068635498021e+00
1.2097797814995954e+00
6.2882299648130990e-01
7.4377914460401118e-01
1.6689710972195777e+00
1.8653206380689396e+00
2.0616701789183014e+00
2.2580197197676637e+00
2.4543692606170260e+00
2.6507188014663878e+00
2.8470683423157497e+00
3.0434178831651120e+00
3.2397674240144743e+00
3.4361169648638361e+00
3.6324665057131980e+00
3.8288160465625602e+00
4.0251655874119230e+00
4.2215151282612844e+00
4.4178646691106467e+00
4.6142142099600090e+00
4.8105637508093713e+00
5.0069132916587336e+00
5.2032628325080950e+00
5.3996123733574573e+00
5.5959619142068195e+00
5.7923114550561809e+00
5.9886609959055432e+00
6.1850105367549055e+00
6.3813600776042678e+00
6.5777096184536301e+00
6.7740591593029915e+00
6.9704087001523538e+00
7.1667582410017161e+00
7.3631077818510775e+00
7.5594573227004398e+00
7.7558068635498021e+00
1.2723402843057257e+00
5.5463645508682458e-01
-6.7667010776904246e-01
1.6689710972195777e+00
1.8653206380689396e+00
2.0616701789183014e+00
2.2580197197676637e+00
2.4543692606170260e+00
2.6507188014663878e+00
2.8470683423157497e+00
3.0434178831651120e+00
3.2397674240144743e+00
3.4361169648638361e+00
3.6324665057131980e+00
3.8288160465625602e+00
4.0251655874119230e+00
4.2215151282612844e+00
4.4178646691106467e+00
4.6142142099600090e+00
4.8105637508093713e+00
5.0069132916587336e+00
5.2032628325080950e+00
5.3996123733574573e+00
5.5959619142068195e+00
5.7923114550561809e+00
5.9886609959055432e+00
6.1850105367549055e+00
6.3813600776042678e+00
6.5777096184536301e+00
6.7740591593029915e+00
6.9704087001523538e+00
7.1667582410017161e+00
7.3631077818510775e+00
7.5594573227004398e+00
7.7558068635498021e+00
1.0000437939905902e+00
5.3195739414350873e-01
-1.6523639366395027e-01
1.6689710972195777e+00
1.8653206380689396e+00
2.0616701789183014e+00
2.2580197197676637e+00
2.4543692606170260e+00
2.6507188014663878e+00
2.8470683423157497e+00
3.0434178831651120e+00
3.2397674240144743e+00
3.4361169648638361e+00
3.6324665057131980e+00
3.8288160465625602e+00
4.0251655874119230e+00
4.2215151282612844e+00
4.4178646691106467e+00
4.6142142099600090e+00
4.8105637508093713e+00
5.0069132916587336e+00
5.2032628325080950e+00
5.3996123733574573e+00
5.5959619142068195e+00
5.7923114550561809e+00
5.9886609959055432e+00
6.1850105367549055e+00
6.3813600776042678e+00
6.5777096184536301e+00
6.7740591593029915e+00
6.9704087001523538e+00
7.1667582410017161e+00
7.3631077818510775e+00
7.5594573227004398e+00
7.7558068635498021e+00
1.2076562103025990e+00
-5.6643832439521691e-01
-1.1352071524430873e-01
1.6689710972195777e+00
1.8653206380689396e+00
2.0616701789183014e+00
2.2580197197676637e+00
2.4543692606170260e+00
2.6507188014663878e+00
2.8470683423157497e+00
3.0434178831651120e+00
3.2397674240144743e+00
3.4361169648638361e+00
3.6324665057131980e+00
3.8288160465625602e+00
4.0251655874119230e+00
4.2215151282612844e+00
4.4178646691106467e+00
4.6142142099600090e+00
4.8105637508093713e+00
5.0069132916587336e+00
5.2032628325080950e+00
5.3996123733574573e+00
5.5959619142068195e+00
5.7923114550561809e+00
5.9886609959055432e+00
6.1850105367549055e+00
6.3813600776042678e+00
6.5777096184536301e+00
6.7740591593029915e+00
6.9704087001523538e+00
7.1667582410017161e+00
7.3631077818510775e+00
7.5594573227004398e+00
7.7558068635498021e+00
8.4132665679770291e-01
7.7752557402384026e-01
6.2034971886152812e-02
1.6689710972195777e+00
1.8653206380689396e+00
2.0616701789183014e+00
2.2580197197676637e+00
2.4543692606170260e+00
2.6507188014663878e+00
2.8470683423157497e+00
3.0434178831651120e+00
3.2397674240144743e+00
3.4361169648638361e+00
3.6324665057131980e+00
3.8288160465625602e+00
4.0251655874119230e+00
4.2215151282612844e+00
4.4178646691106467e+00
4.6142142099600090e+00
4.8105637508093713e+00
5.0069132916587336e+00
5.2032628325080950e+00
5.3996123733574573e+00
5.5959619142068195e+00
5.7923114550561809e+00
5.9886609959055432e+00
6.1850105367549055e+00
6.3813600776042678e+00
6.5777096184536301e+00
6.7740591593029915e+00
6.9704087001523538e+00
7.1667582410017161e+00
7.3631077818510775e+00
7.5594573227004398e+00
7.7558068635498021e+00
1.3305778052329649e+00
1.6769134877559555e-01
6.8281227582292514e-01
