256
10
1.5830681730979816e+00
1.6076118657041518e+00
1.6321555583103222e+00
1.6566992509164924e+00
1.6812429435226628e+00
1.7057866361288330e+00
1.7303303287350031e+00
1.7548740213411735e+00
1.7794177139473437e+00
1.8039614065535139e+00
1.8285050991596843e+00
1.8530487917658545e+00
1.8775924843720246e+00
1.9021361769781950e+00
1.9266798695843652e+00
1.9512235621905356e+00
1.9757672547967058e+00
2.0003109474028760e+00
2.0248546400090461e+00
2.0493983326152168e+00
2.0739420252213869e+00
2.0984857178275571e+00
2.1230294104337273e+00
2.1475731030398975e+00
2.1721167956460676e+00
2.1966604882522383e+00
2.2212041808584084e+00
2.2457478734645786e+00
2.2702915660707488e+00
2.2948352586769194e+00
2.3193789512830896e+00
2.3439226438892597e+00
2.3684663364954299e+00
2.3930100291016001e+00
2.4175537217077703e+00
2.4420974143139405e+00
2.4666411069201111e+00
2.4911847995262812e+00
2.5157284921324514e+00
2.5402721847386216e+00
2.5648158773447922e+00
2.5893595699509624e+00
2.6139032625571326e+00
2.6384469551633027e+00
2.6629906477694729e+00
2.6875343403756431e+00
2.7120780329818133e+00
2.7366217255879839e+00
2.7611654181941541e+00
2.7857091108003242e+00
2.8102528034064949e+00
2.8347964960126650e+00
2.8593401886188352e+00
2.8838838812250054e+00
2.9084275738311756e+00
2.9329712664373457e+00
2.9575149590435159e+00
2.9820586516496861e+00
3.0066023442558567e+00
3.0311460368620269e+00
3.0556897294681971e+00
3.0802334220743677e+00
3.1047771146805379e+00
3.1293208072867080e+00
3.1538644998928782e+00
3.1784081924990484e+00
3.2029518851052186e+00
3.2274955777113887e+00
3.2520392703175593e+00
3.2765829629237295e+00
3.3011266555298997e+00
3.3256703481360703e+00
3.3502140407422405e+00
3.3747577333484107e+00
3.3993014259545808e+00
3.4238451185607510e+00
3.4483888111669212e+00
3.4729325037730914e+00
3.4974761963792615e+00
3.5220198889854322e+00
3.5465635815916023e+00
3.5711072741977725e+00
3.5956509668039427e+00
3.6201946594101133e+00
3.6447383520162835e+00
3.6692820446224537e+00
3.6938257372286238e+00
3.7183694298347940e+00
3.7429131224409642e+00
3.7674568150471348e+00
3.7920005076533050e+00
3.8165442002594752e+00
3.8410878928656453e+00
3.8656315854718155e+00
3.8901752780779861e+00
3.9147189706841563e+00
3.9392626632903265e+00
3.9638063558964967e+00
3.9883500485026668e+00
4.0128937411088375e+00
4.0374374337150085e+00
4.0619811263211778e+00
4.0865248189273489e+00
4.1110685115335182e+00
4.1356122041396892e+00
4.1601558967458594e+00
4.1846995893520296e+00
4.2092432819581997e+00
4.2337869745643699e+00
4.2583306671705401e+00
4.2828743597767103e+00
4.3074180523828813e+00
4.3319617449890506e+00
4.3565054375952217e+00
4.3810491302013910e+00
4.4055928228075620e+00
4.4301365154137322e+00
4.4546802080199024e+00
4.4792239006260726e+00
4.5037675932322427e+00
4.5283112858384129e+00
4.5528549784445831e+00
4.5773986710507542e+00
4.6019423636569234e+00
4.6264860562630945e+00
4.6510297488692638e+00
4.6755734414754349e+00
4.7001171340816050e+00
4.7246608266877752e+00
4.7492045192939454e+00
4.7737482119001156e+00
4.7982919045062866e+00
4.8228355971124559e+00
4.8473792897186270e+00
4.8719229823247963e+00
4.8964666749309673e+00
4.9210103675371375e+00
4.9455540601433077e+00
4.9700977527494778e+00
4.9946414453556480e+00
5.0191851379618182e+00
5.0437288305679884e+00
5.0682725231741594e+00
5.0928162157803287e+00
5.1173599083864998e+00
5.1419036009926691e+00
5.1664472935988401e+00
5.1909909862050103e+00
5.2155346788111805e+00
5.2400783714173507e+00
5.2646220640235208e+00
5.2891657566296910e+00
5.3137094492358612e+00
5.3382531418420323e+00
5.3627968344482015e+00
5.3873405270543726e+00
5.4118842196605419e+00
5.4364279122667130e+00
5.4609716048728831e+00
5.4855152974790533e+00
5.5100589900852235e+00
5.5346026826913937e+00
5.5591463752975638e+00
5.5836900679037340e+00
5.6082337605099042e+00
5.6327774531160744e+00
5.6573211457222454e+00
5.6818648383284156e+00
5.7064085309345858e+00
5.7309522235407560e+00
5.7554959161469261e+00
5.7800396087530963e+00
5.8045833013592665e+00
5.8291269939654367e+00
5.8536706865716068e+00
5.8782143791777770e+00
5.9027580717839472e+00
5.9273017643901182e+00
5.9518454569962884e+00
5.9763891496024586e+00
6.0009328422086288e+00
6.0254765348147989e+00
6.0500202274209691e+00
6.0745639200271393e+00
6.0991076126333095e+00
6.1236513052394796e+00
6.1481949978456498e+00
6.1727386904518209e+00
6.1972823830579911e+00
6.2218260756641612e+00
6.2463697682703314e+00
6.2709134608765016e+00
6.2954571534826718e+00
6.3200008460888419e+00
6.3445445386950121e+00
6.3690882313011823e+00
6.3936319239073525e+00
6.4181756165135226e+00
6.4427193091196937e+00
6.4672630017258639e+00
6.4918066943320341e+00
6.5163503869382042e+00
6.5408940795443744e+00
6.5654377721505446e+00
6.5899814647567148e+00
6.6145251573628849e+00
6.6390688499690551e+00
6.6636125425752253e+00
6.6881562351813963e+00
6.7126999277875665e+00
6.7372436203937367e+00
6.7617873129999069e+00
6.7863310056060770e+00
6.8108746982122472e+00
6.8354183908184174e+00
6.8599620834245876e+00
6.8845057760307578e+00
6.9090494686369279e+00
6.9335931612430981e+00
6.9581368538492692e+00
6.9826805464554393e+00
7.0072242390616095e+00
7.0317679316677797e+00
7.0563116242739499e+00
7.0808553168801200e+00
7.1053990094862902e+00
7.1299427020924604e+00
7.1544863946986306e+00
7.1790300873048007e+00
7.2035737799109709e+00
7.2281174725171420e+00
7.2526611651233122e+00
7.2772048577294823e+00
7.3017485503356525e+00
7.3262922429418227e+00
7.3508359355479929e+00
7.3753796281541630e+00
7.3999233207603332e+00
7.4244670133665034e+00
7.4490107059726736e+00
7.4735543985788437e+00
7.4980980911850148e+00
7.5226417837911850e+00
7.5471854763973552e+00
7.5717291690035253e+00
7.5962728616096955e+00
7.6208165542158657e+00
7.6453602468220359e+00
7.6699039394282060e+00
7.6944476320343762e+00
7.7189913246405464e+00
7.7435350172467174e+00
7.7680787098528876e+00
7.7926224024590578e+00
7.8171660950652280e+00
7.8417097876713981e+00
1.0305615165418647e+00
7.0183623250210636e-01
2.1449898956084779e-01
1.5830681730979816e+00
1.6076118657041518e+00
1.6321555583103222e+00
1.6566992509164924e+00
1.6812429435226628e+00
1.7057866361288330e+00
1.7303303287350031e+00
1.7548740213411735e+00
1.7794177139473437e+00
1.8039614065535139e+00
1.8285050991596843e+00
1.8530487917658545e+00
1.8775924843720246e+00
1.9021361769781950e+00
1.9266798695843652e+00
1.9512235621905356e+00
1.9757672547967058e+00
2.0003109474028760e+00
2.0248546400090461e+00
2.0493983326152168e+00
2.0739420252213869e+00
2.0984857178275571e+00
2.1230294104337273e+00
2.1475731030398975e+00
2.1721167956460676e+00
2.1966604882522383e+00
2.2212041808584084e+00
2.2457478734645786e+00
2.2702915660707488e+00
2.2948352586769194e+00
2.3193789512830896e+00
2.3439226438892597e+00
2.3684663364954299e+00
2.3930100291016001e+00
2.4175537217077703e+00
2.4420974143139405e+00
2.4666411069201111e+00
2.4911847995262812e+00
2.5157284921324514e+00
2.5402721847386216e+00
2.5648158773447922e+00
2.5893595699509624e+00
2.6139032625571326e+00
2.6384469551633027e+00
2.6629906477694729e+00
2.6875343403756431e+00
2.7120780329818133e+00
2.7366217255879839e+00
2.7611654181941541e+00
2.7857091108003242e+00
2.8102528034064949e+00
2.8347964960126650e+00
2.8593401886188352e+00
2.8838838812250054e+00
2.9084275738311756e+00
2.9329712664373457e+00
2.9575149590435159e+00
2.9820586516496861e+00
3.0066023442558567e+00
3.0311460368620269e+00
3.0556897294681971e+00
3.0802334220743677e+00
3.1047771146805379e+00
3.1293208072867080e+00
3.1538644998928782e+00
3.1784081924990484e+00
3.2029518851052186e+00
3.2274955777113887e+00
3.2520392703175593e+00
3.2765829629237295e+00
3.3011266555298997e+00
3.3256703481360703e+00
3.3502140407422405e+00
3.3747577333484107e+00
3.3993014259545808e+00
3.4238451185607510e+00
3.4483888111669212e+00
3.4729325037730914e+00
3.4974761963792615e+00
3.5220198889854322e+00
3.5465635815916023e+00
3.5711072741977725e+00
3.5956509668039427e+00
3.6201946594101133e+00
3.6447383520162835e+00
3.6692820446224537e+00
3.6938257372286238e+00
3.7183694298347940e+00
3.7429131224409642e+00
3.7674568150471348e+00
3.7920005076533050e+00
3.8165442002594752e+00
3.8410878928656453e+00
3.8656315854718155e+00
3.8901752780779861e+00
3.9147189706841563e+00
3.9392626632903265e+00
3.9638063558964967e+00
3.9883500485026668e+00
4.0128937411088375e+00
4.0374374337150085e+00
4.0619811263211778e+00
4.0865248189273489e+00
4.1110685115335182e+00
4.1356122041396892e+00
4.1601558967458594e+00
4.1846995893520296e+00
4.2092432819581997e+00
4.2337869745643699e+00
4.2583306671705401e+00
4.2828743597767103e+00
4.3074180523828813e+00
4.3319617449890506e+00
4.3565054375952217e+00
4.3810491302013910e+00
4.4055928228075620e+00
4.4301365154137322e+00
4.4546802080199024e+00
4.4792239006260726e+00
4.5037675932322427e+00
4.5283112858384129e+00
4.5528549784445831e+00
4.5773986710507542e+00
4.6019423636569234e+00
4.6264860562630945e+00
4.6510297488692638e+00
4.6755734414754349e+00
4.7001171340816050e+00
4.7246608266877752e+00
4.7492045192939454e+00
4.7737482119001156e+00
4.7982919045062866e+00
4.8228355971124559e+00
4.8473792897186270e+00
4.8719229823247963e+00
4.8964666749309673e+00
4.9210103675371375e+00
4.9455540601433077e+00
4.9700977527494778e+00
4.9946414453556480e+00
5.0191851379618182e+00
5.0437288305679884e+00
5.0682725231741594e+00
5.0928162157803287e+00
5.1173599083864998e+00
5.1419036009926691e+00
5.1664472935988401e+00
5.1909909862050103e+00
5.2155346788111805e+00
5.2400783714173507e+00
5.2646220640235208e+00
5.2891657566296910e+00
5.3137094492358612e+00
5.3382531418420323e+00
5.3627968344482015e+00
5.3873405270543726e+00
5.4118842196605419e+00
5.4364279122667130e+00
5.4609716048728831e+00
5.4855152974790533e+00
5.5100589900852235e+00
5.5346026826913937e+00
5.5591463752975638e+00
5.5836900679037340e+00
5.6082337605099042e+00
5.6327774531160744e+00
5.6573211457222454e+00
5.6818648383284156e+00
5.7064085309345858e+00
5.7309522235407560e+00
5.7554959161469261e+00
5.7800396087530963e+00
5.8045833013592665e+00
5.8291269939654367e+00
5.8536706865716068e+00
5.8782143791777770e+00
5.9027580717839472e+00
5.9273017643901182e+00
5.9518454569962884e+00
5.9763891496024586e+00
6.0009328422086288e+00
6.0254765348147989e+00
6.0500202274209691e+00
6.0745639200271393e+00
6.0991076126333095e+00
6.1236513052394796e+00
6.1481949978456498e+00
6.1727386904518209e+00
6.1972823830579911e+00
6.2218260756641612e+00
6.2463697682703314e+00
6.2709134608765016e+00
6.2954571534826718e+00
6.3200008460888419e+00
6.3445445386950121e+00
6.3690882313011823e+00
6.3936319239073525e+00
6.4181756165135226e+00
6.4427193091196937e+00
6.4672630017258639e+00
6.4918066943320341e+00
6.5163503869382042e+00
6.5408940795443744e+00
6.5654377721505446e+00
6.5899814647567148e+00
6.6145251573628849e+00
6.6390688499690551e+00
6.6636125425752253e+00
6.6881562351813963e+00
6.7126999277875665e+00
6.7372436203937367e+00
6.7617873129999069e+00
6.7863310056060770e+00
6.8108746982122472e+00
6.8354183908184174e+00
6.8599620834245876e+00
6.8845057760307578e+00
6.9090494686369279e+00
6.9335931612430981e+00
6.9581368538492692e+00
6.9826805464554393e+00
7.0072242390616095e+00
7.0317679316677797e+00
7.0563116242739499e+00
7.0808553168801200e+00
7.1053990094862902e+00
7.1299427020924604e+00
7.1544863946986306e+00
7.1790300873048007e+00
7.2035737799109709e+00
7.2281174725171420e+00
7.2526611651233122e+00
7.2772048577294823e+00
7.3017485503356525e+00
7.3262922429418227e+00
7.3508359355479929e+00
7.3753796281541630e+00
7.3999233207603332e+00
7.4244670133665034e+00
7.4490107059726736e+00
7.4735543985788437e+00
7.4980980911850148e+00
7.5226417837911850e+00
7.5471854763973552e+00
7.5717291690035253e+00
7.5962728616096955e+00
7.6208165542158657e+00
7.6453602468220359e+00
7.6699039394282060e+00
7.6944476320343762e+00
7.7189913246405464e+00
7.7435350172467174e+00
7.7680787098528876e+00
7.7926224024590578e+00
7.8171660950652280e+00
7.8417097876713981e+00
5.6206747598200779e-01
-8.1333395055491753e-02
6.8425499580626092e-01
1.5830681730979816e+00
1.6076118657041518e+00
1.6321555583103222e+00
1.6566992509164924e+00
1.6812429435226628e+00
1.7057866361288330e+00
1.7303303287350031e+00
1.7548740213411735e+00
1.7794177139473437e+00
1.8039614065535139e+00
1.8285050991596843e+00
1.8530487917658545e+00
1.8775924843720246e+00
1.9021361769781950e+00
1.9266798695843652e+00
1.9512235621905356e+00
1.9757672547967058e+00
2.0003109474028760e+00
2.0248546400090461e+00
2.0493983326152168e+00
2.0739420252213869e+00
2.0984857178275571e+00
2.1230294104337273e+00
2.1475731030398975e+00
2.1721167956460676e+00
2.1966604882522383e+00
2.2212041808584084e+00
2.2457478734645786e+00
2.2702915660707488e+00
2.2948352586769194e+00
2.3193789512830896e+00
2.3439226438892597e+00
2.3684663364954299e+00
2.3930100291016001e+00
2.4175537217077703e+00
2.4420974143139405e+00
2.4666411069201111e+00
2.4911847995262812e+00
2.5157284921324514e+00
2.5402721847386216e+00
2.5648158773447922e+00
2.5893595699509624e+00
2.6139032625571326e+00
2.6384469551633027e+00
2.6629906477694729e+00
2.6875343403756431e+00
2.7120780329818133e+00
2.7366217255879839e+00
2.7611654181941541e+00
2.7857091108003242e+00
2.8102528034064949e+00
2.8347964960126650e+00
2.8593401886188352e+00
2.8838838812250054e+00
2.9084275738311756e+00
2.9329712664373457e+00
2.9575149590435159e+00
2.9820586516496861e+00
3.0066023442558567e+00
3.0311460368620269e+00
3.0556897294681971e+00
3.0802334220743677e+00
3.1047771146805379e+00
3.1293208072867080e+00
3.1538644998928782e+00
3.1784081924990484e+00
3.2029518851052186e+00
3.2274955777113887e+00
3.2520392703175593e+00
3.2765829629237295e+00
3.3011266555298997e+00
3.3256703481360703e+00
3.3502140407422405e+00
3.3747577333484107e+00
3.3993014259545808e+00
3.4238451185607510e+00
3.4483888111669212e+00
3.4729325037730914e+00
3.4974761963792615e+00
3.5220198889854322e+00
3.5465635815916023e+00
3.5711072741977725e+00
3.5956509668039427e+00
3.6201946594101133e+00
3.6447383520162835e+00
3.6692820446224537e+00
3.6938257372286238e+00
3.7183694298347940e+00
3.7429131224409642e+00
3.7674568150471348e+00
3.7920005076533050e+00
3.8165442002594752e+00
3.8410878928656453e+00
3.8656315854718155e+00
3.8901752780779861e+00
3.9147189706841563e+00
3.9392626632903265e+00
3.9638063558964967e+00
3.9883500485026668e+00
4.0128937411088375e+00
4.0374374337150085e+00
4.0619811263211778e+00
4.0865248189273489e+00
4.1110685115335182e+00
4.1356122041396892e+00
4.1601558967458594e+00
4.1846995893520296e+00
4.2092432819581997e+00
4.2337869745643699e+00
4.2583306671705401e+00
4.2828743597767103e+00
4.3074180523828813e+00
4.3319617449890506e+00
4.3565054375952217e+00
4.3810491302013910e+00
4.4055928228075620e+00
4.4301365154137322e+00
4.4546802080199024e+00
4.4792239006260726e+00
4.5037675932322427e+00
4.5283112858384129e+00
4.5528549784445831e+00
4.5773986710507542e+00
4.6019423636569234e+00
4.6264860562630945e+00
4.6510297488692638e+00
4.6755734414754349e+00
4.7001171340816050e+00
4.7246608266877752e+00
4.7492045192939454e+00
4.7737482119001156e+00
4.7982919045062866e+00
4.8228355971124559e+00
4.8473792897186270e+00
4.8719229823247963e+00
4.8964666749309673e+00
4.9210103675371375e+00
4.9455540601433077e+00
4.9700977527494778e+00
4.9946414453556480e+00
5.0191851379618182e+00
5.0437288305679884e+00
5.0682725231741594e+00
5.0928162157803287e+00
5.1173599083864998e+00
5.1419036009926691e+00
5.1664472935988401e+00
5.1909909862050103e+00
5.2155346788111805e+00
5.2400783714173507e+00
5.2646220640235208e+00
5.2891657566296910e+00
5.3137094492358612e+00
5.3382531418420323e+00
5.3627968344482015e+00
5.3873405270543726e+00
5.4118842196605419e+00
5.4364279122667130e+00
5.4609716048728831e+00
5.4855152974790533e+00
5.5100589900852235e+00
5.5346026826913937e+00
5.5591463752975638e+00
5.5836900679037340e+00
5.6082337605099042e+00
5.6327774531160744e+00
5.6573211457222454e+00
5.6818648383284156e+00
5.7064085309345858e+00
5.7309522235407560e+00
5.7554959161469261e+00
5.7800396087530963e+00
5.8045833013592665e+00
5.8291269939654367e+00
5.8536706865716068e+00
5.8782143791777770e+00
5.9027580717839472e+00
5.9273017643901182e+00
5.9518454569962884e+00
5.9763891496024586e+00
6.0009328422086288e+00
6.0254765348147989e+00
6.0500202274209691e+00
6.0745639200271393e+00
6.0991076126333095e+00
6.1236513052394796e+00
6.1481949978456498e+00
6.1727386904518209e+00
6.1972823830579911e+00
6.2218260756641612e+00
6.2463697682703314e+00
6.2709134608765016e+00
6.2954571534826718e+00
6.3200008460888419e+00
6.3445445386950121e+00
6.3690882313011823e+00
6.3936319239073525e+00
6.4181756165135226e+00
6.4427193091196937e+00
6.4672630017258639e+00
6.4918066943320341e+00
6.5163503869382042e+00
6.5408940795443744e+00
6.5654377721505446e+00
6.5899814647567148e+00
6.6145251573628849e+00
6.6390688499690551e+00
6.6636125425752253e+00
6.6881562351813963e+00
6.7126999277875665e+00
6.7372436203937367e+00
6.7617873129999069e+00
6.7863310056060770e+00
6.8108746982122472e+00
6.8354183908184174e+00
6.8599620834245876e+00
6.8845057760307578e+00
6.9090494686369279e+00
6.9335931612430981e+00
6.9581368538492692e+00
6.9826805464554393e+00
7.0072242390616095e+00
7.0317679316677797e+00
7.0563116242739499e+00
7.0808553168801200e+00
7.1053990094862902e+00
7.1299427020924604e+00
7.1544863946986306e+00
7.1790300873048007e+00
7.2035737799109709e+00
7.2281174725171420e+00
7.2526611651233122e+00
7.2772048577294823e+00
7.3017485503356525e+00
7.3262922429418227e+00
7.3508359355479929e+00
7.3753796281541630e+00
7.3999233207603332e+00
7.4244670133665034e+00
7.4490107059726736e+00
7.4735543985788437e+00
7.4980980911850148e+00
7.5226417837911850e+00
7.5471854763973552e+00
7.5717291690035253e+00
7.5962728616096955e+00
7.6208165542158657e+00
7.6453602468220359e+00
7.6699039394282060e+00
7.6944476320343762e+00
7.7189913246405464e+00
7.7435350172467174e+00
7.7680787098528876e+00
7.7926224024590578e+00
7.8171660950652280e+00
7.8417097876713981e+00
8.2384233290011577e-01
-2.0259287662155101e-01
-1.7720499103463849e-02
1.5830681730979816e+00
1.6076118657041518e+00
1.6321555583103222e+00
1.6566992509164924e+00
1.6812429435226628e+00
1.7057866361288330e+00
1.7303303287350031e+00
1.7548740213411735e+00
1.7794177139473437e+00
1.8039614065535139e+00
1.8285050991596843e+00
1.8530487917658545e+00
1.8775924843720246e+00
1.9021361769781950e+00
1.9266798695843652e+00
1.9512235621905356e+00
1.9757672547967058e+00
2.0003109474028760e+00
2.0248546400090461e+00
2.0493983326152168e+00
2.0739420252213869e+00
2.0984857178275571e+00
2.1230294104337273e+00
2.1475731030398975e+00
2.1721167956460676e+00
2.1966604882522383e+00
2.2212041808584084e+00
2.2457478734645786e+00
2.2702915660707488e+00
2.2948352586769194e+00
2.3193789512830896e+00
2.3439226438892597e+00
2.3684663364954299e+00
2.3930100291016001e+00
2.4175537217077703e+00
2.4420974143139405e+00
2.4666411069201111e+00
2.4911847995262812e+00
2.5157284921324514e+00
2.5402721847386216e+00
2.5648158773447922e+00
2.5893595699509624e+00
2.6139032625571326e+00
2.6384469551633027e+00
2.6629906477694729e+00
2.6875343403756431e+00
2.7120780329818133e+00
2.7366217255879839e+00
2.7611654181941541e+00
2.7857091108003242e+00
2.8102528034064949e+00
2.8347964960126650e+00
2.8593401886188352e+00
2.8838838812250054e+00
2.9084275738311756e+00
2.9329712664373457e+00
2.9575149590435159e+00
2.9820586516496861e+00
3.0066023442558567e+00
3.0311460368620269e+00
3.0556897294681971e+00
3.0802334220743677e+00
3.1047771146805379e+00
3.1293208072867080e+00
3.1538644998928782e+00
3.1784081924990484e+00
3.2029518851052186e+00
3.2274955777113887e+00
3.2520392703175593e+00
3.2765829629237295e+00
3.3011266555298997e+00
3.3256703481360703e+00
3.3502140407422405e+00
3.3747577333484107e+00
3.3993014259545808e+00
3.4238451185607510e+00
3.4483888111669212e+00
3.4729325037730914e+00
3.4974761963792615e+00
3.5220198889854322e+00
3.5465635815916023e+00
3.5711072741977725e+00
3.5956509668039427e+00
3.6201946594101133e+00
3.6447383520162835e+00
3.6692820446224537e+00
3.6938257372286238e+00
3.7183694298347940e+00
3.7429131224409642e+00
3.7674568150471348e+00
3.7920005076533050e+00
3.8165442002594752e+00
3.8410878928656453e+00
3.8656315854718155e+00
3.8901752780779861e+00
3.9147189706841563e+00
3.9392626632903265e+00
3.9638063558964967e+00
3.9883500485026668e+00
4.0128937411088375e+00
4.0374374337150085e+00
4.0619811263211778e+00
4.0865248189273489e+00
4.1110685115335182e+00
4.1356122041396892e+00
4.1601558967458594e+00
4.1846995893520296e+00
4.2092432819581997e+00
4.2337869745643699e+00
4.2583306671705401e+00
4.2828743597767103e+00
4.3074180523828813e+00
4.3319617449890506e+00
4.3565054375952217e+00
4.3810491302013910e+00
4.4055928228075620e+00
4.4301365154137322e+00
4.4546802080199024e+00
4.4792239006260726e+00
4.5037675932322427e+00
4.5283112858384129e+00
4.5528549784445831e+00
4.5773986710507542e+00
4.6019423636569234e+00
4.6264860562630945e+00
4.6510297488692638e+00
4.6755734414754349e+00
4.7001171340816050e+00
4.7246608266877752e+00
4.7492045192939454e+00
4.7737482119001156e+00
4.7982919045062866e+00
4.8228355971124559e+00
4.8473792897186270e+00
4.8719229823247963e+00
4.8964666749309673e+00
4.9210103675371375e+00
4.9455540601433077e+00
4.9700977527494778e+00
4.9946414453556480e+00
5.0191851379618182e+00
5.0437288305679884e+00
5.0682725231741594e+00
5.0928162157803287e+00
5.1173599083864998e+00
5.1419036009926691e+00
5.1664472935988401e+00
5.1909909862050103e+00
5.2155346788111805e+00
5.2400783714173507e+00
5.2646220640235208e+00
5.2891657566296910e+00
5.3137094492358612e+00
5.3382531418420323e+00
5.3627968344482015e+00
5.3873405270543726e+00
5.4118842196605419e+00
5.4364279122667130e+00
5.4609716048728831e+00
5.4855152974790533e+00
5.5100589900852235e+00
5.5346026826913937e+00
5.5591463752975638e+00
5.5836900679037340e+00
5.6082337605099042e+00
5.6327774531160744e+00
5.6573211457222454e+00
5.6818648383284156e+00
5.7064085309345858e+00
5.7309522235407560e+00
5.7554959161469261e+00
5.7800396087530963e+00
5.8045833013592665e+00
5.8291269939654367e+00
5.8536706865716068e+00
5.8782143791777770e+00
5.9027580717839472e+00
5.9273017643901182e+00
5.9518454569962884e+00
5.9763891496024586e+00
6.0009328422086288e+00
6.0254765348147989e+00
6.0500202274209691e+00
6.0745639200271393e+00
6.0991076126333095e+00
6.1236513052394796e+00
6.1481949978456498e+00
6.1727386904518209e+00
6.1972823830579911e+00
6.2218260756641612e+00
6.2463697682703314e+00
6.2709134608765016e+00
6.2954571534826718e+00
6.3200008460888419e+00
6.3445445386950121e+00
6.3690882313011823e+00
6.3936319239073525e+00
6.4181756165135226e+00
6.4427193091196937e+00
6.4672630017258639e+00
6.4918066943320341e+00
6.5163503869382042e+00
6.5408940795443744e+00
6.5654377721505446e+00
6.5899814647567148e+00
6.6145251573628849e+00
6.6390688499690551e+00
6.6636125425752253e+00
6.6881562351813963e+00
6.7126999277875665e+00
6.7372436203937367e+00
6.7617873129999069e+00
6.7863310056060770e+00
6.8108746982122472e+00
6.8354183908184174e+00
6.8599620834245876e+00
6.8845057760307578e+00
6.9090494686369279e+00
6.9335931612430981e+00
6.9581368538492692e+00
6.9826805464554393e+00
7.0072242390616095e+00
7.0317679316677797e+00
7.0563116242739499e+00
7.0808553168801200e+00
7.1053990094862902e+00
7.1299427020924604e+00
7.1544863946986306e+00
7.1790300873048007e+00
7.2035737799109709e+00
7.2281174725171420e+00
7.2526611651233122e+00
7.2772048577294823e+00
7.3017485503356525e+00
7.3262922429418227e+00
7.3508359355479929e+00
7.3753796281541630e+00
7.3999233207603332e+00
7.4244670133665034e+00
7.4490107059726736e+00
7.4735543985788437e+00
7.4980980911850148e+00
7.5226417837911850e+00
7.5471854763973552e+00
7.5717291690035253e+00
7.5962728616096955e+00
7.6208165542158657e+00
7.6453602468220359e+00
7.6699039394282060e+00
7.6944476320343762e+00
7.7189913246405464e+00
7.7435350172467174e+00
7.7680787098528876e+00
7.7926224024590578e+00
7.8171660950652280e+00
7.8417097876713981e+00
9.9828808054086193e-01
-7.5242870908845516e-02
-7.0857586022141361e-01
1.5830681730979816e+00
1.6076118657041518e+00
1.6321555583103222e+00
1.6566992509164924e+00
1.6812429435226628e+00
1.7057866361288330e+00
1.7303303287350031e+00
1.7548740213411735e+00
1.7794177139473437e+00
1.8039614065535139e+00
1.8285050991596843e+00
1.8530487917658545e+00
1.8775924843720246e+00
1.9021361769781950e+00
1.9266798695843652e+00
1.9512235621905356e+00
1.9757672547967058e+00
2.0003109474028760e+00
2.0248546400090461e+00
2.0493983326152168e+00
2.0739420252213869e+00
2.0984857178275571e+00
2.1230294104337273e+00
2.1475731030398975e+00
2.1721167956460676e+00
2.1966604882522383e+00
2.2212041808584084e+00
2.2457478734645786e+00
2.2702915660707488e+00
2.2948352586769194e+00
2.3193789512830896e+00
2.3439226438892597e+00
2.3684663364954299e+00
2.3930100291016001e+00
2.4175537217077703e+00
2.4420974143139405e+00
2.4666411069201111e+00
2.4911847995262812e+00
2.5157284921324514e+00
2.5402721847386216e+00
2.5648158773447922e+00
2.5893595699509624e+00
2.6139032625571326e+00
2.6384469551633027e+00
2.6629906477694729e+00
2.6875343403756431e+00
2.7120780329818133e+00
2.7366217255879839e+00
2.7611654181941541e+00
2.7857091108003242e+00
2.8102528034064949e+00
2.8347964960126650e+00
2.8593401886188352e+00
2.8838838812250054e+00
2.9084275738311756e+00
2.9329712664373457e+00
2.9575149590435159e+00
2.9820586516496861e+00
3.0066023442558567e+00
3.0311460368620269e+00
3.0556897294681971e+00
3.0802334220743677e+00
3.1047771146805379e+00
3.1293208072867080e+00
3.1538644998928782e+00
3.1784081924990484e+00
3.2029518851052186e+00
3.2274955777113887e+00
3.2520392703175593e+00
3.2765829629237295e+00
3.3011266555298997e+00
3.3256703481360703e+00
3.3502140407422405e+00
3.3747577333484107e+00
3.3993014259545808e+00
3.4238451185607510e+00
3.4483888111669212e+00
3.4729325037730914e+00
3.4974761963792615e+00
3.5220198889854322e+00
3.5465635815916023e+00
3.5711072741977725e+00
3.5956509668039427e+00
3.6201946594101133e+00
3.6447383520162835e+00
3.6692820446224537e+00
3.6938257372286238e+00
3.7183694298347940e+00
3.7429131224409642e+00
3.7674568150471348e+00
3.7920005076533050e+00
3.8165442002594752e+00
3.8410878928656453e+00
3.8656315854718155e+00
3.8901752780779861e+00
3.9147189706841563e+00
3.9392626632903265e+00
3.9638063558964967e+00
3.9883500485026668e+00
4.0128937411088375e+00
4.0374374337150085e+00
4.0619811263211778e+00
4.0865248189273489e+00
4.1110685115335182e+00
4.1356122041396892e+00
4.1601558967458594e+00
4.1846995893520296e+00
4.2092432819581997e+00
4.2337869745643699e+00
4.2583306671705401e+00
4.2828743597767103e+00
4.3074180523828813e+00
4.3319617449890506e+00
4.3565054375952217e+00
4.3810491302013910e+00
4.4055928228075620e+00
4.4301365154137322e+00
4.4546802080199024e+00
4.4792239006260726e+00
4.5037675932322427e+00
4.5283112858384129e+00
4.5528549784445831e+00
4.5773986710507542e+00
4.6019423636569234e+00
4.6264860562630945e+00
4.6510297488692638e+00
4.6755734414754349e+00
4.7001171340816050e+00
4.7246608266877752e+00
4.7492045192939454e+00
4.7737482119001156e+00
4.7982919045062866e+00
4.8228355971124559e+00
4.8473792897186270e+00
4.8719229823247963e+00
4.8964666749309673e+00
4.9210103675371375e+00
4.9455540601433077e+00
4.9700977527494778e+00
4.9946414453556480e+00
5.0191851379618182e+00
5.0437288305679884e+00
5.0682725231741594e+00
5.0928162157803287e+00
5.1173599083864998e+00
5.1419036009926691e+00
5.1664472935988401e+00
5.1909909862050103e+00
5.2155346788111805e+00
5.2400783714173507e+00
5.2646220640235208e+00
5.2891657566296910e+00
5.3137094492358612e+00
5.3382531418420323e+00
5.3627968344482015e+00
5.3873405270543726e+00
5.4118842196605419e+00
5.4364279122667130e+00
5.4609716048728831e+00
5.4855152974790533e+00
5.5100589900852235e+00
5.5346026826913937e+00
5.5591463752975638e+00
5.5836900679037340e+00
5.6082337605099042e+00
5.6327774531160744e+00
5.6573211457222454e+00
5.6818648383284156e+00
5.7064085309345858e+00
5.7309522235407560e+00
5.7554959161469261e+00
5.7800396087530963e+00
5.8045833013592665e+00
5.8291269939654367e+00
5.8536706865716068e+00
5.8782143791777770e+00
5.9027580717839472e+00
5.9273017643901182e+00
5.9518454569962884e+00
5.9763891496024586e+00
6.0009328422086288e+00
6.0254765348147989e+00
6.0500202274209691e+00
6.0745639200271393e+00
6.0991076126333095e+00
6.1236513052394796e+00
6.1481949978456498e+00
6.1727386904518209e+00
6.1972823830579911e+00
6.2218260756641612e+00
6.2463697682703314e+00
6.2709134608765016e+00
6.2954571534826718e+00
6.3200008460888419e+00
6.3445445386950121e+00
6.3690882313011823e+00
6.3936319239073525e+00
6.4181756165135226e+00
6.4427193091196937e+00
6.4672630017258639e+00
6.4918066943320341e+00
6.5163503869382042e+00
6.5408940795443744e+00
6.5654377721505446e+00
6.5899814647567148e+00
6.6145251573628849e+00
6.6390688499690551e+00
6.6636125425752253e+00
6.6881562351813963e+00
6.7126999277875665e+00
6.7372436203937367e+00
6.7617873129999069e+00
6.7863310056060770e+00
6.8108746982122472e+00
6.8354183908184174e+00
6.8599620834245876e+00
6.8845057760307578e+00
6.9090494686369279e+00
6.9335931612430981e+00
6.9581368538492692e+00
6.9826805464554393e+00
7.0072242390616095e+00
7.0317679316677797e+00
7.0563116242739499e+00
7.0808553168801200e+00
7.1053990094862902e+00
7.1299427020924604e+00
7.1544863946986306e+00
7.1790300873048007e+00
7.2035737799109709e+00
7.2281174725171420e+00
7.2526611651233122e+00
7.2772048577294823e+00
7.3017485503356525e+00
7.3262922429418227e+00
7.3508359355479929e+00
7.3753796281541630e+00
7.3999233207603332e+00
7.4244670133665034e+00
7.4490107059726736e+00
7.4735543985788437e+00
7.4980980911850148e+00
7.5226417837911850e+00
7.5471854763973552e+00
7.5717291690035253e+00
7.5962728616096955e+00
7.6208165542158657e+00
7.6453602468220359e+00
7.6699039394282060e+00
7.6944476320343762e+00
7.7189913246405464e+00
7.7435350172467174e+00
7.7680787098528876e+00
7.7926224024590578e+00
7.8171660950652280e+00
7.8417097876713981e+00
5.1143000542582506e-01
-4.1735714509642219e-01
-7.4788157098234898e-01
1.5830681730979816e+00
1.6076118657041518e+00
1.6321555583103222e+00
1.6566992509164924e+00
1.6812429435226628e+00
1.7057866361288330e+00
1.7303303287350031e+00
1.7548740213411735e+00
1.7794177139473437e+00
1.8039614065535139e+00
1.8285050991596843e+00
1.8530487917658545e+00
1.8775924843720246e+00
1.9021361769781950e+00
1.9266798695843652e+00
1.9512235621905356e+00
1.9757672547967058e+00
2.0003109474028760e+00
2.0248546400090461e+00
2.0493983326152168e+00
2.0739420252213869e+00
2.0984857178275571e+00
2.1230294104337273e+00
2.1475731030398975e+00
2.1721167956460676e+00
2.1966604882522383e+00
2.2212041808584084e+00
2.2457478734645786e+00
2.2702915660707488e+00
2.2948352586769194e+00
2.3193789512830896e+00
2.3439226438892597e+00
2.3684663364954299e+00
2.3930100291016001e+00
2.4175537217077703e+00
2.4420974143139405e+00
2.4666411069201111e+00
2.4911847995262812e+00
2.5157284921324514e+00
2.5402721847386216e+00
2.5648158773447922e+00
2.5893595699509624e+00
2.6139032625571326e+00
2.6384469551633027e+00
2.6629906477694729e+00
2.6875343403756431e+00
2.7120780329818133e+00
2.7366217255879839e+00
2.7611654181941541e+00
2.7857091108003242e+00
2.8102528034064949e+00
2.8347964960126650e+00
2.8593401886188352e+00
2.8838838812250054e+00
2.9084275738311756e+00
2.9329712664373457e+00
2.9575149590435159e+00
2.9820586516496861e+00
3.0066023442558567e+00
3.0311460368620269e+00
3.0556897294681971e+00
3.0802334220743677e+00
3.1047771146805379e+00
3.1293208072867080e+00
3.1538644998928782e+00
3.1784081924990484e+00
3.2029518851052186e+00
3.2274955777113887e+00
3.2520392703175593e+00
3.2765829629237295e+00
3.3011266555298997e+00
3.3256703481360703e+00
3.3502140407422405e+00
3.3747577333484107e+00
3.3993014259545808e+00
3.4238451185607510e+00
3.4483888111669212e+00
3.4729325037730914e+00
3.4974761963792615e+00
3.5220198889854322e+00
3.5465635815916023e+00
3.5711072741977725e+00
3.5956509668039427e+00
3.6201946594101133e+00
3.6447383520162835e+00
3.6692820446224537e+00
3.6938257372286238e+00
3.7183694298347940e+00
3.7429131224409642e+00
3.7674568150471348e+00
3.7920005076533050e+00
3.8165442002594752e+00
3.8410878928656453e+00
3.8656315854718155e+00
3.8901752780779861e+00
3.9147189706841563e+00
3.9392626632903265e+00
3.9638063558964967e+00
3.9883500485026668e+00
4.0128937411088375e+00
4.0374374337150085e+00
4.0619811263211778e+00
4.0865248189273489e+00
4.1110685115335182e+00
4.1356122041396892e+00
4.1601558967458594e+00
4.1846995893520296e+00
4.2092432819581997e+00
4.2337869745643699e+00
4.2583306671705401e+00
4.2828743597767103e+00
4.3074180523828813e+00
4.3319617449890506e+00
4.3565054375952217e+00
4.3810491302013910e+00
4.4055928228075620e+00
4.4301365154137322e+00
4.4546802080199024e+00
4.4792239006260726e+00
4.5037675932322427e+00
4.5283112858384129e+00
4.5528549784445831e+00
4.5773986710507542e+00
4.6019423636569234e+00
4.6264860562630945e+00
4.6510297488692638e+00
4.6755734414754349e+00
4.7001171340816050e+00
4.7246608266877752e+00
4.7492045192939454e+00
4.7737482119001156e+00
4.7982919045062866e+00
4.8228355971124559e+00
4.8473792897186270e+00
4.8719229823247963e+00
4.8964666749309673e+00
4.9210103675371375e+00
4.9455540601433077e+00
4.9700977527494778e+00
4.9946414453556480e+00
5.0191851379618182e+00
5.0437288305679884e+00
5.0682725231741594e+00
5.0928162157803287e+00
5.1173599083864998e+00
5.1419036009926691e+00
5.1664472935988401e+00
5.1909909862050103e+00
5.2155346788111805e+00
5.2400783714173507e+00
5.2646220640235208e+00
5.2891657566296910e+00
5.3137094492358612e+00
5.3382531418420323e+00
5.3627968344482015e+00
5.3873405270543726e+00
5.4118842196605419e+00
5.4364279122667130e+00
5.4609716048728831e+00
5.4855152974790533e+00
5.5100589900852235e+00
5.5346026826913937e+00
5.5591463752975638e+00
5.5836900679037340e+00
5.6082337605099042e+00
5.6327774531160744e+00
5.6573211457222454e+00
5.6818648383284156e+00
5.7064085309345858e+00
5.7309522235407560e+00
5.7554959161469261e+00
5.7800396087530963e+00
5.8045833013592665e+00
5.8291269939654367e+00
5.8536706865716068e+00
5.8782143791777770e+00
5.9027580717839472e+00
5.9273017643901182e+00
5.9518454569962884e+00
5.9763891496024586e+00
6.0009328422086288e+00
6.0254765348147989e+00
6.0500202274209691e+00
6.0745639200271393e+00
6.0991076126333095e+00
6.1236513052394796e+00
6.1481949978456498e+00
6.1727386904518209e+00
6.1972823830579911e+00
6.2218260756641612e+00
6.2463697682703314e+00
6.2709134608765016e+00
6.2954571534826718e+00
6.3200008460888419e+00
6.3445445386950121e+00
6.3690882313011823e+00
6.3936319239073525e+00
6.4181756165135226e+00
6.4427193091196937e+00
6.4672630017258639e+00
6.4918066943320341e+00
6.5163503869382042e+00
6.5408940795443744e+00
6.5654377721505446e+00
6.5899814647567148e+00
6.6145251573628849e+00
6.6390688499690551e+00
6.6636125425752253e+00
6.6881562351813963e+00
6.7126999277875665e+00
6.7372436203937367e+00
6.7617873129999069e+00
6.7863310056060770e+00
6.8108746982122472e+00
6.8354183908184174e+00
6.8599620834245876e+00
6.8845057760307578e+00
6.9090494686369279e+00
6.9335931612430981e+00
6.9581368538492692e+00
6.9826805464554393e+00
7.0072242390616095e+00
7.0317679316677797e+00
7.0563116242739499e+00
7.0808553168801200e+00
7.1053990094862902e+00
7.1299427020924604e+00
7.1544863946986306e+00
7.1790300873048007e+00
7.2035737799109709e+00
7.2281174725171420e+00
7.2526611651233122e+00
7.2772048577294823e+00
7.3017485503356525e+00
7.3262922429418227e+00
7.3508359355479929e+00
7.3753796281541630e+00
7.3999233207603332e+00
7.4244670133665034e+00
7.4490107059726736e+00
7.4735543985788437e+00
7.4980980911850148e+00
7.5226417837911850e+00
7.5471854763973552e+00
7.5717291690035253e+00
7.5962728616096955e+00
7.6208165542158657e+00
7.6453602468220359e+00
7.6699039394282060e+00
7.6944476320343762e+00
7.7189913246405464e+00
7.7435350172467174e+00
7.7680787098528876e+00
7.7926224024590578e+00
7.8171660950652280e+00
7.8417097876713981e+00
3.2105571573270969e-01
-3.3127759457820782e-01
5.0290216616190153e-01
1.5830681730979816e+00
1.6076118657041518e+00
1.6321555583103222e+00
1.6566992509164924e+00
1.6812429435226628e+00
1.7057866361288330e+00
1.7303303287350031e+00
1.7548740213411735e+00
1.7794177139473437e+00
1.8039614065535139e+00
1.8285050991596843e+00
1.8530487917658545e+00
1.8775924843720246e+00
1.9021361769781950e+00
1.9266798695843652e+00
1.9512235621905356e+00
1.9757672547967058e+00
2.0003109474028760e+00
2.0248546400090461e+00
2.0493983326152168e+00
2.0739420252213869e+00
2.0984857178275571e+00
2.1230294104337273e+00
2.1475731030398975e+00
2.1721167956460676e+00
2.1966604882522383e+00
2.2212041808584084e+00
2.2457478734645786e+00
2.2702915660707488e+00
2.2948352586769194e+00
2.3193789512830896e+00
2.3439226438892597e+00
2.3684663364954299e+00
2.3930100291016001e+00
2.4175537217077703e+00
2.4420974143139405e+00
2.4666411069201111e+00
2.4911847995262812e+00
2.5157284921324514e+00
2.5402721847386216e+00
2.5648158773447922e+00
2.5893595699509624e+00
2.6139032625571326e+00
2.6384469551633027e+00
2.6629906477694729e+00
2.6875343403756431e+00
2.7120780329818133e+00
2.7366217255879839e+00
2.7611654181941541e+00
2.7857091108003242e+00
2.8102528034064949e+00
2.8347964960126650e+00
2.8593401886188352e+00
2.8838838812250054e+00
2.9084275738311756e+00
2.9329712664373457e+00
2.9575149590435159e+00
2.9820586516496861e+00
3.0066023442558567e+00
3.0311460368620269e+00
3.0556897294681971e+00
3.0802334220743677e+00
3.1047771146805379e+00
3.1293208072867080e+00
3.1538644998928782e+00
3.1784081924990484e+00
3.2029518851052186e+00
3.2274955777113887e+00
3.2520392703175593e+00
3.2765829629237295e+00
3.3011266555298997e+00
3.3256703481360703e+00
3.3502140407422405e+00
3.3747577333484107e+00
3.3993014259545808e+00
3.4238451185607510e+00
3.4483888111669212e+00
3.4729325037730914e+00
3.4974761963792615e+00
3.5220198889854322e+00
3.5465635815916023e+00
3.5711072741977725e+00
3.5956509668039427e+00
3.6201946594101133e+00
3.6447383520162835e+00
3.6692820446224537e+00
3.6938257372286238e+00
3.7183694298347940e+00
3.7429131224409642e+00
3.7674568150471348e+00
3.7920005076533050e+00
3.8165442002594752e+00
3.8410878928656453e+00
3.8656315854718155e+00
3.8901752780779861e+00
3.9147189706841563e+00
3.9392626632903265e+00
3.9638063558964967e+00
3.9883500485026668e+00
4.0128937411088375e+00
4.0374374337150085e+00
4.0619811263211778e+00
4.0865248189273489e+00
4.1110685115335182e+00
4.1356122041396892e+00
4.1601558967458594e+00
4.1846995893520296e+00
4.2092432819581997e+00
4.2337869745643699e+00
4.2583306671705401e+00
4.2828743597767103e+00
4.3074180523828813e+00
4.3319617449890506e+00
4.3565054375952217e+00
4.3810491302013910e+00
4.4055928228075620e+00
4.4301365154137322e+00
4.4546802080199024e+00
4.4792239006260726e+00
4.5037675932322427e+00
4.5283112858384129e+00
4.5528549784445831e+00
4.5773986710507542e+00
4.6019423636569234e+00
4.6264860562630945e+00
4.6510297488692638e+00
4.6755734414754349e+00
4.7001171340816050e+00
4.7246608266877752e+00
4.7492045192939454e+00
4.7737482119001156e+00
4.7982919045062866e+00
4.8228355971124559e+00
4.8473792897186270e+00
4.8719229823247963e+00
4.8964666749309673e+00
4.9210103675371375e+00
4.9455540601433077e+00
4.9700977527494778e+00
4.9946414453556480e+00
5.0191851379618182e+00
5.0437288305679884e+00
5.0682725231741594e+00
5.0928162157803287e+00
5.1173599083864998e+00
5.1419036009926691e+00
5.1664472935988401e+00
5.1909909862050103e+00
5.2155346788111805e+00
5.2400783714173507e+00
5.2646220640235208e+00
5.2891657566296910e+00
5.3137094492358612e+00
5.3382531418420323e+00
5.3627968344482015e+00
5.3873405270543726e+00
5.4118842196605419e+00
5.4364279122667130e+00
5.4609716048728831e+00
5.4855152974790533e+00
5.5100589900852235e+00
5.5346026826913937e+00
5.5591463752975638e+00
5.5836900679037340e+00
5.6082337605099042e+00
5.6327774531160744e+00
5.6573211457222454e+00
5.6818648383284156e+00
5.7064085309345858e+00
5.7309522235407560e+00
5.7554959161469261e+00
5.7800396087530963e+00
5.8045833013592665e+00
5.8291269939654367e+00
5.8536706865716068e+00
5.8782143791777770e+00
5.9027580717839472e+00
5.9273017643901182e+00
5.9518454569962884e+00
5.9763891496024586e+00
6.0009328422086288e+00
6.0254765348147989e+00
6.0500202274209691e+00
6.0745639200271393e+00
6.0991076126333095e+00
6.1236513052394796e+00
6.1481949978456498e+00
6.1727386904518209e+00
6.1972823830579911e+00
6.2218260756641612e+00
6.2463697682703314e+00
6.2709134608765016e+00
6.2954571534826718e+00
6.3200008460888419e+00
6.3445445386950121e+00
6.3690882313011823e+00
6.3936319239073525e+00
6.4181756165135226e+00
6.4427193091196937e+00
6.4672630017258639e+00
6.4918066943320341e+00
6.5163503869382042e+00
6.5408940795443744e+00
6.5654377721505446e+00
6.5899814647567148e+00
6.6145251573628849e+00
6.6390688499690551e+00
6.6636125425752253e+00
6.6881562351813963e+00
6.7126999277875665e+00
6.7372436203937367e+00
6.7617873129999069e+00
6.7863310056060770e+00
6.8108746982122472e+00
6.8354183908184174e+00
6.8599620834245876e+00
6.8845057760307578e+00
6.9090494686369279e+00
6.9335931612430981e+00
6.9581368538492692e+00
6.9826805464554393e+00
7.0072242390616095e+00
7.0317679316677797e+00
7.0563116242739499e+00
7.0808553168801200e+00
7.1053990094862902e+00
7.1299427020924604e+00
7.1544863946986306e+00
7.1790300873048007e+00
7.2035737799109709e+00
7.2281174725171420e+00
7.2526611651233122e+00
7.2772048577294823e+00
7.3017485503356525e+00
7.3262922429418227e+00
7.3508359355479929e+00
7.3753796281541630e+00
7.3999233207603332e+00
7.4244670133665034e+00
7.4490107059726736e+00
7.4735543985788437e+00
7.4980980911850148e+00
7.5226417837911850e+00
7.5471854763973552e+00
7.5717291690035253e+00
7.5962728616096955e+00
7.6208165542158657e+00
7.6453602468220359e+00
7.6699039394282060e+00
7.6944476320343762e+00
7.7189913246405464e+00
7.7435350172467174e+00
7.7680787098528876e+00
7.7926224024590578e+00
7.8171660950652280e+00
7.8417097876713981e+00
6.4152395907466742e-01
7.9388488396004897e-01
6.0436448790451713e-01
1.5830681730979816e+00
1.6076118657041518e+00
1.6321555583103222e+00
1.6566992509164924e+00
1.6812429435226628e+00
1.7057866361288330e+00
1.7303303287350031e+00
1.7548740213411735e+00
1.7794177139473437e+00
1.8039614065535139e+00
1.8285050991596843e+00
1.8530487917658545e+00
1.8775924843720246e+00
1.9021361769781950e+00
1.9266798695843652e+00
1.9512235621905356e+00
1.9757672547967058e+00
2.0003109474028760e+00
2.0248546400090461e+00
2.0493983326152168e+00
2.0739420252213869e+00
2.0984857178275571e+00
2.1230294104337273e+00
2.1475731030398975e+00
2.1721167956460676e+00
2.1966604882522383e+00
2.2212041808584084e+00
2.2457478734645786e+00
2.2702915660707488e+00
2.2948352586769194e+00
2.3193789512830896e+00
2.3439226438892597e+00
2.3684663364954299e+00
2.3930100291016001e+00
2.4175537217077703e+00
2.4420974143139405e+00
2.4666411069201111e+00
2.4911847995262812e+00
2.5157284921324514e+00
2.5402721847386216e+00
2.5648158773447922e+00
2.5893595699509624e+00
2.6139032625571326e+00
2.6384469551633027e+00
2.6629906477694729e+00
2.6875343403756431e+00
2.7120780329818133e+00
2.7366217255879839e+00
2.7611654181941541e+00
2.7857091108003242e+00
2.8102528034064949e+00
2.8347964960126650e+00
2.8593401886188352e+00
2.8838838812250054e+00
2.9084275738311756e+00
2.9329712664373457e+00
2.9575149590435159e+00
2.9820586516496861e+00
3.0066023442558567e+00
3.0311460368620269e+00
3.0556897294681971e+00
3.0802334220743677e+00
3.1047771146805379e+00
3.1293208072867080e+00
3.1538644998928782e+00
3.1784081924990484e+00
3.2029518851052186e+00
3.2274955777113887e+00
3.2520392703175593e+00
3.2765829629237295e+00
3.3011266555298997e+00
3.3256703481360703e+00
3.3502140407422405e+00
3.3747577333484107e+00
3.3993014259545808e+00
3.4238451185607510e+00
3.4483888111669212e+00
3.4729325037730914e+00
3.4974761963792615e+00
3.5220198889854322e+00
3.5465635815916023e+00
3.5711072741977725e+00
3.5956509668039427e+00
3.6201946594101133e+00
3.6447383520162835e+00
3.6692820446224537e+00
3.6938257372286238e+00
3.7183694298347940e+00
3.7429131224409642e+00
3.7674568150471348e+00
3.7920005076533050e+00
3.8165442002594752e+00
3.8410878928656453e+00
3.8656315854718155e+00
3.8901752780779861e+00
3.9147189706841563e+00
3.9392626632903265e+00
3.9638063558964967e+00
3.9883500485026668e+00
4.0128937411088375e+00
4.0374374337150085e+00
4.0619811263211778e+00
4.0865248189273489e+00
4.1110685115335182e+00
4.1356122041396892e+00
4.1601558967458594e+00
4.1846995893520296e+00
4.2092432819581997e+00
4.2337869745643699e+00
4.2583306671705401e+00
4.2828743597767103e+00
4.3074180523828813e+00
4.3319617449890506e+00
4.3565054375952217e+00
4.3810491302013910e+00
4.4055928228075620e+00
4.4301365154137322e+00
4.4546802080199024e+00
4.4792239006260726e+00
4.5037675932322427e+00
4.5283112858384129e+00
4.5528549784445831e+00
4.5773986710507542e+00
4.6019423636569234e+00
4.6264860562630945e+00
4.6510297488692638e+00
4.6755734414754349e+00
4.7001171340816050e+00
4.7246608266877752e+00
4.7492045192939454e+00
4.7737482119001156e+00
4.7982919045062866e+00
4.8228355971124559e+00
4.8473792897186270e+00
4.8719229823247963e+00
4.8964666749309673e+00
4.9210103675371375e+00
4.9455540601433077e+00
4.9700977527494778e+00
4.9946414453556480e+00
5.0191851379618182e+00
5.0437288305679884e+00
5.0682725231741594e+00
5.0928162157803287e+00
5.1173599083864998e+00
5.1419036009926691e+00
5.1664472935988401e+00
5.1909909862050103e+00
5.2155346788111805e+00
5.2400783714173507e+00
5.2646220640235208e+00
5.2891657566296910e+00
5.3137094492358612e+00
5.3382531418420323e+00
5.3627968344482015e+00
5.3873405270543726e+00
5.4118842196605419e+00
5.4364279122667130e+00
5.4609716048728831e+00
5.4855152974790533e+00
5.5100589900852235e+00
5.5346026826913937e+00
5.5591463752975638e+00
5.5836900679037340e+00
5.6082337605099042e+00
5.6327774531160744e+00
5.6573211457222454e+00
5.6818648383284156e+00
5.7064085309345858e+00
5.7309522235407560e+00
5.7554959161469261e+00
5.7800396087530963e+00
5.8045833013592665e+00
5.8291269939654367e+00
5.8536706865716068e+00
5.8782143791777770e+00
5.9027580717839472e+00
5.9273017643901182e+00
5.9518454569962884e+00
5.9763891496024586e+00
6.0009328422086288e+00
6.0254765348147989e+00
6.0500202274209691e+00
6.0745639200271393e+00
6.0991076126333095e+00
6.1236513052394796e+00
6.1481949978456498e+00
6.1727386904518209e+00
6.1972823830579911e+00
6.2218260756641612e+00
6.2463697682703314e+00
6.2709134608765016e+00
6.2954571534826718e+00
6.3200008460888419e+00
6.3445445386950121e+00
6.3690882313011823e+00
6.3936319239073525e+00
6.4181756165135226e+00
6.4427193091196937e+00
6.4672630017258639e+00
6.4918066943320341e+00
6.5163503869382042e+00
6.5408940795443744e+00
6.5654377721505446e+00
6.5899814647567148e+00
6.6145251573628849e+00
6.6390688499690551e+00
6.6636125425752253e+00
6.6881562351813963e+00
6.7126999277875665e+00
6.7372436203937367e+00
6.7617873129999069e+00
6.7863310056060770e+00
6.8108746982122472e+00
6.8354183908184174e+00
6.8599620834245876e+00
6.8845057760307578e+00
6.9090494686369279e+00
6.9335931612430981e+00
6.9581368538492692e+00
6.9826805464554393e+00
7.0072242390616095e+00
7.0317679316677797e+00
7.0563116242739499e+00
7.0808553168801200e+00
7.1053990094862902e+00
7.1299427020924604e+00
7.1544863946986306e+00
7.1790300873048007e+00
7.2035737799109709e+00
7.2281174725171420e+00
7.2526611651233122e+00
7.2772048577294823e+00
7.3017485503356525e+00
7.3262922429418227e+00
7.3508359355479929e+00
7.3753796281541630e+00
7.3999233207603332e+00
7.4244670133665034e+00
7.4490107059726736e+00
7.4735543985788437e+00
7.4980980911850148e+00
7.5226417837911850e+00
7.5471854763973552e+00
7.5717291690035253e+00
7.5962728616096955e+00
7.6208165542158657e+00
7.6453602468220359e+00
7.6699039394282060e+00
7.6944476320343762e+00
7.7189913246405464e+00
7.7435350172467174e+00
7.7680787098528876e+00
7.7926224024590578e+00
7.8171660950652280e+00
7.8417097876713981e+00
6.6210168475431286e-01
-4.5306409846159346e-01
-2.1558036014945681e-01
1.5830681730979816e+00
1.6076118657041518e+00
1.6321555583103222e+00
1.6566992509164924e+00
1.6812429435226628e+00
1.7057866361288330e+00
1.7303303287350031e+00
1.7548740213411735e+00
1.7794177139473437e+00
1.8039614065535139e+00
1.8285050991596843e+00
1.8530487917658545e+00
1.8775924843720246e+00
1.9021361769781950e+00
1.9266798695843652e+00
1.9512235621905356e+00
1.9757672547967058e+00
2.0003109474028760e+00
2.0248546400090461e+00
2.0493983326152168e+00
2.0739420252213869e+00
2.0984857178275571e+00
2.1230294104337273e+00
2.1475731030398975e+00
2.1721167956460676e+00
2.1966604882522383e+00
2.2212041808584084e+00
2.2457478734645786e+00
2.2702915660707488e+00
2.2948352586769194e+00
2.3193789512830896e+00
2.3439226438892597e+00
2.3684663364954299e+00
2.3930100291016001e+00
2.4175537217077703e+00
2.4420974143139405e+00
2.4666411069201111e+00
2.4911847995262812e+00
2.5157284921324514e+00
2.5402721847386216e+00
2.5648158773447922e+00
2.5893595699509624e+00
2.6139032625571326e+00
2.6384469551633027e+00
2.6629906477694729e+00
2.6875343403756431e+00
2.7120780329818133e+00
2.7366217255879839e+00
2.7611654181941541e+00
2.7857091108003242e+00
2.8102528034064949e+00
2.8347964960126650e+00
2.8593401886188352e+00
2.8838838812250054e+00
2.9084275738311756e+00
2.9329712664373457e+00
2.9575149590435159e+00
2.9820586516496861e+00
3.0066023442558567e+00
3.0311460368620269e+00
3.0556897294681971e+00
3.0802334220743677e+00
3.1047771146805379e+00
3.1293208072867080e+00
3.1538644998928782e+00
3.1784081924990484e+00
3.2029518851052186e+00
3.2274955777113887e+00
3.2520392703175593e+00
3.2765829629237295e+00
3.3011266555298997e+00
3.3256703481360703e+00
3.3502140407422405e+00
3.3747577333484107e+00
3.3993014259545808e+00
3.4238451185607510e+00
3.4483888111669212e+00
3.4729325037730914e+00
3.4974761963792615e+00
3.5220198889854322e+00
3.5465635815916023e+00
3.5711072741977725e+00
3.5956509668039427e+00
3.6201946594101133e+00
3.6447383520162835e+00
3.6692820446224537e+00
3.6938257372286238e+00
3.7183694298347940e+00
3.7429131224409642e+00
3.7674568150471348e+00
3.7920005076533050e+00
3.8165442002594752e+00
3.8410878928656453e+00
3.8656315854718155e+00
3.8901752780779861e+00
3.9147189706841563e+00
3.9392626632903265e+00
3.9638063558964967e+00
3.9883500485026668e+00
4.0128937411088375e+00
4.0374374337150085e+00
4.0619811263211778e+00
4.0865248189273489e+00
4.1110685115335182e+00
4.1356122041396892e+00
4.1601558967458594e+00
4.1846995893520296e+00
4.2092432819581997e+00
4.2337869745643699e+00
4.2583306671705401e+00
4.2828743597767103e+00
4.3074180523828813e+00
4.3319617449890506e+00
4.3565054375952217e+00
4.3810491302013910e+00
4.4055928228075620e+00
4.4301365154137322e+00
4.4546802080199024e+00
4.4792239006260726e+00
4.5037675932322427e+00
4.5283112858384129e+00
4.5528549784445831e+00
4.5773986710507542e+00
4.6019423636569234e+00
4.6264860562630945e+00
4.6510297488692638e+00
4.6755734414754349e+00
4.7001171340816050e+00
4.7246608266877752e+00
4.7492045192939454e+00
4.7737482119001156e+00
4.7982919045062866e+00
4.8228355971124559e+00
4.8473792897186270e+00
4.8719229823247963e+00
4.8964666749309673e+00
4.9210103675371375e+00
4.9455540601433077e+00
4.9700977527494778e+00
4.9946414453556480e+00
5.0191851379618182e+00
5.0437288305679884e+00
5.0682725231741594e+00
5.0928162157803287e+00
5.1173599083864998e+00
5.1419036009926691e+00
5.1664472935988401e+00
5.1909909862050103e+00
5.2155346788111805e+00
5.2400783714173507e+00
5.2646220640235208e+00
5.2891657566296910e+00
5.3137094492358612e+00
5.3382531418420323e+00
5.3627968344482015e+00
5.3873405270543726e+00
5.4118842196605419e+00
5.4364279122667130e+00
5.4609716048728831e+00
5.4855152974790533e+00
5.5100589900852235e+00
5.5346026826913937e+00
5.5591463752975638e+00
5.5836900679037340e+00
5.6082337605099042e+00
5.6327774531160744e+00
5.6573211457222454e+00
5.6818648383284156e+00
5.7064085309345858e+00
5.7309522235407560e+00
5.7554959161469261e+00
5.7800396087530963e+00
5.8045833013592665e+00
5.8291269939654367e+00
5.8536706865716068e+00
5.8782143791777770e+00
5.9027580717839472e+00
5.9273017643901182e+00
5.9518454569962884e+00
5.9763891496024586e+00
6.0009328422086288e+00
6.0254765348147989e+00
6.0500202274209691e+00
6.0745639200271393e+00
6.0991076126333095e+00
6.1236513052394796e+00
6.1481949978456498e+00
6.1727386904518209e+00
6.1972823830579911e+00
6.2218260756641612e+00
6.2463697682703314e+00
6.2709134608765016e+00
6.2954571534826718e+00
6.3200008460888419e+00
6.3445445386950121e+00
6.3690882313011823e+00
6.3936319239073525e+00
6.4181756165135226e+00
6.4427193091196937e+00
6.4672630017258639e+00
6.4918066943320341e+00
6.5163503869382042e+00
6.5408940795443744e+00
6.5654377721505446e+00
6.5899814647567148e+00
6.6145251573628849e+00
6.6390688499690551e+00
6.6636125425752253e+00
6.6881562351813963e+00
6.7126999277875665e+00
6.7372436203937367e+00
6.7617873129999069e+00
6.7863310056060770e+00
6.8108746982122472e+00
6.8354183908184174e+00
6.8599620834245876e+00
6.8845057760307578e+00
6.9090494686369279e+00
6.9335931612430981e+00
6.9581368538492692e+00
6.9826805464554393e+00
7.0072242390616095e+00
7.0317679316677797e+00
7.0563116242739499e+00
7.0808553168801200e+00
7.1053990094862902e+00
7.1299427020924604e+00
7.1544863946986306e+00
7.1790300873048007e+00
7.2035737799109709e+00
7.2281174725171420e+00
7.2526611651233122e+00
7.2772048577294823e+00
7.3017485503356525e+00
7.3262922429418227e+00
7.3508359355479929e+00
7.3753796281541630e+00
7.3999233207603332e+00
7.4244670133665034e+00
7.4490107059726736e+00
7.4735543985788437e+00
7.4980980911850148e+00
7.5226417837911850e+00
7.5471854763973552e+00
7.5717291690035253e+00
7.5962728616096955e+00
7.6208165542158657e+00
7.6453602468220359e+00
7.6699039394282060e+00
7.6944476320343762e+00
7.7189913246405464e+00
7.7435350172467174e+00
7.7680787098528876e+00
7.7926224024590578e+00
7.8171660950652280e+00
7.8417097876713981e+00
6.6910481791133569e-01
-6.5574522180894546e-01
3.6031321386967363e-01
1.5830681730979816e+00
1.6076118657041518e+00
1.6321555583103222e+00
1.6566992509164924e+00
1.6812429435226628e+00
1.7057866361288330e+00
1.7303303287350031e+00
1.7548740213411735e+00
1.7794177139473437e+00
1.8039614065535139e+00
1.8285050991596843e+00
1.8530487917658545e+00
1.8775924843720246e+00
1.9021361769781950e+00
1.9266798695843652e+00
1.9512235621905356e+00
1.9757672547967058e+00
2.0003109474028760e+00
2.0248546400090461e+00
2.0493983326152168e+00
2.0739420252213869e+00
2.0984857178275571e+00
2.1230294104337273e+00
2.1475731030398975e+00
2.1721167956460676e+00
2.1966604882522383e+00
2.2212041808584084e+00
2.2457478734645786e+00
2.2702915660707488e+00
2.2948352586769194e+00
2.3193789512830896e+00
2.3439226438892597e+00
2.3684663364954299e+00
2.3930100291016001e+00
2.4175537217077703e+00
2.4420974143139405e+00
2.4666411069201111e+00
2.4911847995262812e+00
2.5157284921324514e+00
2.5402721847386216e+00
2.5648158773447922e+00
2.5893595699509624e+00
2.6139032625571326e+00
2.6384469551633027e+00
2.6629906477694729e+00
2.6875343403756431e+00
2.7120780329818133e+00
2.7366217255879839e+00
2.7611654181941541e+00
2.7857091108003242e+00
2.8102528034064949e+00
2.8347964960126650e+00
2.8593401886188352e+00
2.8838838812250054e+00
2.9084275738311756e+00
2.9329712664373457e+00
2.9575149590435159e+00
2.9820586516496861e+00
3.0066023442558567e+00
3.0311460368620269e+00
3.0556897294681971e+00
3.0802334220743677e+00
3.1047771146805379e+00
3.1293208072867080e+00
3.1538644998928782e+00
3.1784081924990484e+00
3.2029518851052186e+00
3.2274955777113887e+00
3.2520392703175593e+00
3.2765829629237295e+00
3.3011266555298997e+00
3.3256703481360703e+00
3.3502140407422405e+00
3.3747577333484107e+00
3.3993014259545808e+00
3.4238451185607510e+00
3.4483888111669212e+00
3.4729325037730914e+00
3.4974761963792615e+00
3.5220198889854322e+00
3.5465635815916023e+00
3.5711072741977725e+00
3.5956509668039427e+00
3.6201946594101133e+00
3.6447383520162835e+00
3.6692820446224537e+00
3.6938257372286238e+00
3.7183694298347940e+00
3.7429131224409642e+00
3.7674568150471348e+00
3.7920005076533050e+00
3.8165442002594752e+00
3.8410878928656453e+00
3.8656315854718155e+00
3.8901752780779861e+00
3.9147189706841563e+00
3.9392626632903265e+00
3.9638063558964967e+00
3.9883500485026668e+00
4.0128937411088375e+00
4.0374374337150085e+00
4.0619811263211778e+00
4.0865248189273489e+00
4.1110685115335182e+00
4.1356122041396892e+00
4.1601558967458594e+00
4.1846995893520296e+00
4.2092432819581997e+00
4.2337869745643699e+00
4.2583306671705401e+00
4.2828743597767103e+00
4.3074180523828813e+00
4.3319617449890506e+00
4.3565054375952217e+00
4.3810491302013910e+00
4.4055928228075620e+00
4.4301365154137322e+00
4.4546802080199024e+00
4.4792239006260726e+00
4.5037675932322427e+00
4.5283112858384129e+00
4.5528549784445831e+00
4.5773986710507542e+00
4.6019423636569234e+00
4.6264860562630945e+00
4.6510297488692638e+00
4.6755734414754349e+00
4.7001171340816050e+00
4.7246608266877752e+00
4.7492045192939454e+00
4.7737482119001156e+00
4.7982919045062866e+00
4.8228355971124559e+00
4.8473792897186270e+00
4.8719229823247963e+00
4.8964666749309673e+00
4.9210103675371375e+00
4.9455540601433077e+00
4.9700977527494778e+00
4.9946414453556480e+00
5.0191851379618182e+00
5.0437288305679884e+00
5.0682725231741594e+00
5.0928162157803287e+00
5.1173599083864998e+00
5.1419036009926691e+00
5.1664472935988401e+00
5.1909909862050103e+00
5.2155346788111805e+00
5.2400783714173507e+00
5.2646220640235208e+00
5.2891657566296910e+00
5.3137094492358612e+00
5.3382531418420323e+00
5.3627968344482015e+00
5.3873405270543726e+00
5.4118842196605419e+00
5.4364279122667130e+00
5.4609716048728831e+00
5.4855152974790533e+00
5.5100589900852235e+00
5.5346026826913937e+00
5.5591463752975638e+00
5.5836900679037340e+00
5.6082337605099042e+00
5.6327774531160744e+00
5.6573211457222454e+00
5.6818648383284156e+00
5.7064085309345858e+00
5.7309522235407560e+00
5.7554959161469261e+00
5.7800396087530963e+00
5.8045833013592665e+00
5.8291269939654367e+00
5.8536706865716068e+00
5.8782143791777770e+00
5.9027580717839472e+00
5.9273017643901182e+00
5.9518454569962884e+00
5.9763891496024586e+00
6.0009328422086288e+00
6.0254765348147989e+00
6.0500202274209691e+00
6.0745639200271393e+00
6.0991076126333095e+00
6.1236513052394796e+00
6.1481949978456498e+00
6.1727386904518209e+00
6.1972823830579911e+00
6.2218260756641612e+00
6.2463697682703314e+00
6.2709134608765016e+00
6.2954571534826718e+00
6.3200008460888419e+00
6.3445445386950121e+00
6.3690882313011823e+00
6.3936319239073525e+00
6.4181756165135226e+00
6.4427193091196937e+00
6.4672630017258639e+00
6.4918066943320341e+00
6.5163503869382042e+00
6.5408940795443744e+00
6.5654377721505446e+00
6.5899814647567148e+00
6.6145251573628849e+00
6.6390688499690551e+00
6.6636125425752253e+00
6.6881562351813963e+00
6.7126999277875665e+00
6.7372436203937367e+00
6.7617873129999069e+00
6.7863310056060770e+00
6.8108746982122472e+00
6.8354183908184174e+00
6.8599620834245876e+00
6.8845057760307578e+00
6.9090494686369279e+00
6.9335931612430981e+00
6.9581368538492692e+00
6.9826805464554393e+00
7.0072242390616095e+00
7.0317679316677797e+00
7.0563116242739499e+00
7.0808553168801200e+00
7.1053990094862902e+00
7.1299427020924604e+00
7.1544863946986306e+00
7.1790300873048007e+00
7.2035737799109709e+00
7.2281174725171420e+00
7.2526611651233122e+00
7.2772048577294823e+00
7.3017485503356525e+00
7.3262922429418227e+00
7.3508359355479929e+00
7.3753796281541630e+00
7.3999233207603332e+00
7.4244670133665034e+00
7.4490107059726736e+00
7.4735543985788437e+00
7.4980980911850148e+00
7.5226417837911850e+00
7.5471854763973552e+00
7.5717291690035253e+00
7.5962728616096955e+00
7.6208165542158657e+00
7.6453602468220359e+00
7.6699039394282060e+00
7.6944476320343762e+00
7.7189913246405464e+00
7.7435350172467174e+00
7.7680787098528876e+00
7.7926224024590578e+00
7.8171660950652280e+00
7.8417097876713981e+00
3.9572747013685228e-01
2.2415798656387786e-01
4.9661978124076755e-01
