128
15
1.5953400194010667e+00
1.6444274046134073e+00
1.6935147898257479e+00
1.7426021750380882e+00
1.7916895602504288e+00
1.8407769454627694e+00
1.8898643306751097e+00
1.9389517158874503e+00
1.9880391010997909e+00
2.0371264863121312e+00
2.0862138715244720e+00
2.1353012567368124e+00
2.1843886419491527e+00
2.2334760271614935e+00
2.2825634123738339e+00
2.3316507975861747e+00
2.3807381827985150e+00
2.4298255680108554e+00
2.4789129532231962e+00
2.5280003384355365e+00
2.5770877236478773e+00
2.6261751088602177e+00
2.6752624940725580e+00
2.7243498792848984e+00
2.7734372644972392e+00
2.8225246497095799e+00
2.8716120349219203e+00
2.9206994201342606e+00
2.9697868053466010e+00
3.0188741905589418e+00
3.0679615757712821e+00
3.1170489609836229e+00
3.1661363461959633e+00
3.2152237314083036e+00
3.2643111166206444e+00
3.3133985018329848e+00
3.3624858870453256e+00
3.4115732722576659e+00
3.4606606574700063e+00
3.5097480426823466e+00
3.5588354278946874e+00
3.6079228131070278e+00
3.6570101983193686e+00
3.7060975835317089e+00
3.7551849687440493e+00
3.8042723539563901e+00
3.8533597391687304e+00
3.9024471243810712e+00
3.9515345095934116e+00
4.0006218948057519e+00
4.0497092800180932e+00
4.0987966652304335e+00
4.1478840504427739e+00
4.1969714356551142e+00
4.2460588208674546e+00
4.2951462060797949e+00
4.3442335912921353e+00
4.3933209765044756e+00
4.4424083617168169e+00
4.4914957469291572e+00
4.5405831321414976e+00
4.5896705173538388e+00
4.6387579025661791e+00
4.6878452877785195e+00
4.7369326729908598e+00
4.7860200582032002e+00
4.8351074434155406e+00
4.8841948286278809e+00
4.9332822138402221e+00
4.9823695990525625e+00
5.0314569842649028e+00
5.0805443694772441e+00
5.1296317546895844e+00
5.1787191399019248e+00
5.2278065251142651e+00
5.2768939103266055e+00
5.3259812955389458e+00
5.3750686807512862e+00
5.4241560659636265e+00
5.4732434511759678e+00
5.5223308363883081e+00
5.5714182216006485e+00
5.6205056068129888e+00
5.6695929920253301e+00
5.7186803772376704e+00
5.7677677624500108e+00
5.8168551476623511e+00
5.8659425328746915e+00
5.9150299180870318e+00
5.9641173032993731e+00
6.0132046885117134e+00
6.0622920737240538e+00
6.1113794589363941e+00
6.1604668441487345e+00
6.2095542293610757e+00
6.2586416145734161e+00
6.3077289997857564e+00
6.3568163849980968e+00
6.4059037702104371e+00
6.4549911554227783e+00
6.5040785406351187e+00
6.5531659258474591e+00
6.6022533110597994e+00
6.6513406962721398e+00
6.7004280814844810e+00
6.7495154666968213e+00
6.7986028519091617e+00
6.8476902371215020e+00
6.8967776223338424e+00
6.9458650075461827e+00
6.9949523927585240e+00
7.0440397779708643e+00
7.0931271631832047e+00
7.1422145483955450e+00
7.1913019336078854e+00
7.2403893188202266e+00
7.2894767040325670e+00
7.3385640892449073e+00
7.3876514744572477e+00
7.4367388596695880e+00
7.4858262448819284e+00
7.5349136300942696e+00
7.5840010153066100e+00
7.6330884005189503e+00
7.6821757857312907e+00
7.7312631709436310e+00
7.7803505561559723e+00
7.8294379413683126e+00
1.3477940660395729e+00
1.9140945905614215e-01
-5.2508171162178519e-01
1.5953400194010667e+00
1.6444274046134073e+00
1.6935147898257479e+00
1.7426021750380882e+00
1.7916895602504288e+00
1.8407769454627694e+00
1.8898643306751097e+00
1.9389517158874503e+00
1.9880391010997909e+00
2.0371264863121312e+00
2.0862138715244720e+00
2.1353012567368124e+00
2.1843886419491527e+00
2.2334760271614935e+00
2.2825634123738339e+00
2.3316507975861747e+00
2.3807381827985150e+00
2.4298255680108554e+00
2.4789129532231962e+00
2.5280003384355365e+00
2.5770877236478773e+00
2.6261751088602177e+00
2.6752624940725580e+00
2.7243498792848984e+00
2.7734372644972392e+00
2.8225246497095799e+00
2.8716120349219203e+00
2.9206994201342606e+00
2.9697868053466010e+00
3.0188741905589418e+00
3.0679615757712821e+00
3.1170489609836229e+00
3.1661363461959633e+00
3.2152237314083036e+00
3.2643111166206444e+00
3.3133985018329848e+00
3.3624858870453256e+00
3.4115732722576659e+00
3.4606606574700063e+00
3.5097480426823466e+00
3.5588354278946874e+00
3.6079228131070278e+00
3.6570101983193686e+00
3.7060975835317089e+00
3.7551849687440493e+00
3.8042723539563901e+00
3.8533597391687304e+00
3.9024471243810712e+00
3.9515345095934116e+00
4.0006218948057519e+00
4.0497092800180932e+00
4.0987966652304335e+00
4.1478840504427739e+00
4.1969714356551142e+00
4.2460588208674546e+00
4.2951462060797949e+00
4.3442335912921353e+00
4.3933209765044756e+00
4.4424083617168169e+00
4.4914957469291572e+00
4.5405831321414976e+00
4.5896705173538388e+00
4.6387579025661791e+00
4.6878452877785195e+00
4.7369326729908598e+00
4.7860200582032002e+00
4.8351074434155406e+00
4.8841948286278809e+00
4.9332822138402221e+00
4.9823695990525625e+00
5.0314569842649028e+00
5.0805443694772441e+00
5.1296317546895844e+00
5.1787191399019248e+00
5.2278065251142651e+00
5.2768939103266055e+00
5.3259812955389458e+00
5.3750686807512862e+00
5.4241560659636265e+00
5.4732434511759678e+00
5.5223308363883081e+00
5.5714182216006485e+00
5.6205056068129888e+00
5.6695929920253301e+00
5.7186803772376704e+00
5.7677677624500108e+00
5.8168551476623511e+00
5.8659425328746915e+00
5.9150299180870318e+00
5.9641173032993731e+00
6.0132046885117134e+00
6.0622920737240538e+00
6.1113794589363941e+00
6.1604668441487345e+00
6.2095542293610757e+00
6.2586416145734161e+00
6.3077289997857564e+00
6.3568163849980968e+00
6.4059037702104371e+00
6.4549911554227783e+00
6.5040785406351187e+00
6.5531659258474591e+00
6.6022533110597994e+00
6.6513406962721398e+00
6.7004280814844810e+00
6.7495154666968213e+00
6.7986028519091617e+00
6.8476902371215020e+00
6.8967776223338424e+00
6.9458650075461827e+00
6.9949523927585240e+00
7.0440397779708643e+00
7.0931271631832047e+00
7.1422145483955450e+00
7.1913019336078854e+00
7.2403893188202266e+00
7.2894767040325670e+00
7.3385640892449073e+00
7.3876514744572477e+00
7.4367388596695880e+00
7.4858262448819284e+00
7.5349136300942696e+00
7.5840010153066100e+00
7.6330884005189503e+00
7.6821757857312907e+00
7.7312631709436310e+00
7.7803505561559723e+00
7.8294379413683126e+00
1.2052975091296401e+00
-4.7559125933319502e-01
-6.3944944691418382e-01
1.5953400194010667e+00
1.6444274046134073e+00
1.6935147898257479e+00
1.7426021750380882e+00
1.7916895602504288e+00
1.8407769454627694e+00
1.8898643306751097e+00
1.9389517158874503e+00
1.9880391010997909e+00
2.0371264863121312e+00
2.0862138715244720e+00
2.1353012567368124e+00
2.1843886419491527e+00
2.2334760271614935e+00
2.2825634123738339e+00
2.3316507975861747e+00
2.3807381827985150e+00
2.4298255680108554e+00
2.4789129532231962e+00
2.5280003384355365e+00
2.5770877236478773e+00
2.6261751088602177e+00
2.6752624940725580e+00
2.7243498792848984e+00
2.7734372644972392e+00
2.8225246497095799e+00
2.8716120349219203e+00
2.9206994201342606e+00
2.9697868053466010e+00
3.0188741905589418e+00
3.0679615757712821e+00
3.1170489609836229e+00
3.1661363461959633e+00
3.2152237314083036e+00
3.2643111166206444e+00
3.3133985018329848e+00
3.3624858870453256e+00
3.4115732722576659e+00
3.4606606574700063e+00
3.5097480426823466e+00
3.5588354278946874e+00
3.6079228131070278e+00
3.6570101983193686e+00
3.7060975835317089e+00
3.7551849687440493e+00
3.8042723539563901e+00
3.8533597391687304e+00
3.9024471243810712e+00
3.9515345095934116e+00
4.0006218948057519e+00
4.0497092800180932e+00
4.0987966652304335e+00
4.1478840504427739e+00
4.1969714356551142e+00
4.2460588208674546e+00
4.2951462060797949e+00
4.3442335912921353e+00
4.3933209765044756e+00
4.4424083617168169e+00
4.4914957469291572e+00
4.5405831321414976e+00
4.5896705173538388e+00
4.6387579025661791e+00
4.6878452877785195e+00
4.7369326729908598e+00
4.7860200582032002e+00
4.8351074434155406e+00
4.8841948286278809e+00
4.9332822138402221e+00
4.9823695990525625e+00
5.0314569842649028e+00
5.0805443694772441e+00
5.1296317546895844e+00
5.1787191399019248e+00
5.2278065251142651e+00
5.2768939103266055e+00
5.3259812955389458e+00
5.3750686807512862e+00
5.4241560659636265e+00
5.4732434511759678e+00
5.5223308363883081e+00
5.5714182216006485e+00
5.6205056068129888e+00
5.6695929920253301e+00
5.7186803772376704e+00
5.7677677624500108e+00
5.8168551476623511e+00
5.8659425328746915e+00
5.9150299180870318e+00
5.9641173032993731e+00
6.0132046885117134e+00
6.0622920737240538e+00
6.1113794589363941e+00
6.1604668441487345e+00
6.2095542293610757e+00
6.2586416145734161e+00
6.3077289997857564e+00
6.3568163849980968e+00
6.4059037702104371e+00
6.4549911554227783e+00
6.5040785406351187e+00
6.5531659258474591e+00
6.6022533110597994e+00
6.6513406962721398e+00
6.7004280814844810e+00
6.7495154666968213e+00
6.7986028519091617e+00
6.8476902371215020e+00
6.8967776223338424e+00
6.9458650075461827e+00
6.9949523927585240e+00
7.0440397779708643e+00
7.0931271631832047e+00
7.1422145483955450e+00
7.1913019336078854e+00
7.2403893188202266e+00
7.2894767040325670e+00
7.3385640892449073e+00
7.3876514744572477e+00
7.4367388596695880e+00
7.4858262448819284e+00
7.5349136300942696e+00
7.5840010153066100e+00
7.6330884005189503e+00
7.6821757857312907e+00
7.7312631709436310e+00
7.7803505561559723e+00
7.8294379413683126e+00
1.0194021176679893e+00
-6.7396929140769224e-01
6.1813552555366824e-01
1.5953400194010667e+00
1.6444274046134073e+00
1.6935147898257479e+00
1.7426021750380882e+00
1.7916895602504288e+00
1.8407769454627694e+00
1.8898643306751097e+00
1.9389517158874503e+00
1.9880391010997909e+00
2.0371264863121312e+00
2.0862138715244720e+00
2.1353012567368124e+00
2.1843886419491527e+00
2.2334760271614935e+00
2.2825634123738339e+00
2.3316507975861747e+00
2.3807381827985150e+00
2.4298255680108554e+00
2.4789129532231962e+00
2.5280003384355365e+00
2.5770877236478773e+00
2.6261751088602177e+00
2.6752624940725580e+00
2.7243498792848984e+00
2.7734372644972392e+00
2.8225246497095799e+00
2.8716120349219203e+00
2.9206994201342606e+00
2.9697868053466010e+00
3.0188741905589418e+00
3.0679615757712821e+00
3.1170489609836229e+00
3.1661363461959633e+00
3.2152237314083036e+00
3.2643111166206444e+00
3.3133985018329848e+00
3.3624858870453256e+00
3.4115732722576659e+00
3.4606606574700063e+00
3.5097480426823466e+00
3.5588354278946874e+00
3.6079228131070278e+00
3.6570101983193686e+00
3.7060975835317089e+00
3.7551849687440493e+00
3.8042723539563901e+00
3.8533597391687304e+00
3.9024471243810712e+00
3.9515345095934116e+00
4.0006218948057519e+00
4.0497092800180932e+00
4.0987966652304335e+00
4.1478840504427739e+00
4.1969714356551142e+00
4.2460588208674546e+00
4.2951462060797949e+00
4.3442335912921353e+00
4.3933209765044756e+00
4.4424083617168169e+00
4.4914957469291572e+00
4.5405831321414976e+00
4.5896705173538388e+00
4.6387579025661791e+00
4.6878452877785195e+00
4.7369326729908598e+00
4.7860200582032002e+00
4.8351074434155406e+00
4.8841948286278809e+00
4.9332822138402221e+00
4.9823695990525625e+00
5.0314569842649028e+00
5.0805443694772441e+00
5.1296317546895844e+00
5.1787191399019248e+00
5.2278065251142651e+00
5.2768939103266055e+00
5.3259812955389458e+00
5.3750686807512862e+00
5.4241560659636265e+00
5.4732434511759678e+00
5.5223308363883081e+00
5.5714182216006485e+00
5.6205056068129888e+00
5.6695929920253301e+00
5.7186803772376704e+00
5.7677677624500108e+00
5.8168551476623511e+00
5.8659425328746915e+00
5.9150299180870318e+00
5.9641173032993731e+00
6.0132046885117134e+00
6.0622920737240538e+00
6.1113794589363941e+00
6.1604668441487345e+00
6.2095542293610757e+00
6.2586416145734161e+00
6.3077289997857564e+00
6.3568163849980968e+00
6.4059037702104371e+00
6.4549911554227783e+00
6.5040785406351187e+00
6.5531659258474591e+00
6.6022533110597994e+00
6.6513406962721398e+00
6.7004280814844810e+00
6.7495154666968213e+00
6.7986028519091617e+00
6.8476902371215020e+00
6.8967776223338424e+00
6.9458650075461827e+00
6.9949523927585240e+00
7.0440397779708643e+00
7.0931271631832047e+00
7.1422145483955450e+00
7.1913019336078854e+00
7.2403893188202266e+00
7.2894767040325670e+00
7.3385640892449073e+00
7.3876514744572477e+00
7.4367388596695880e+00
7.4858262448819284e+00
7.5349136300942696e+00
7.5840010153066100e+00
7.6330884005189503e+00
7.6821757857312907e+00
7.7312631709436310e+00
7.7803505561559723e+00
7.8294379413683126e+00
7.3568596285774313e-01
5.1536148386704173e-01
2.7099861882926102e-01
1.5953400194010667e+00
1.6444274046134073e+00
1.6935147898257479e+00
1.7426021750380882e+00
1.7916895602504288e+00
1.8407769454627694e+00
1.8898643306751097e+00
1.9389517158874503e+00
1.9880391010997909e+00
2.0371264863121312e+00
2.0862138715244720e+00
2.1353012567368124e+00
2.1843886419491527e+00
2.2334760271614935e+00
2.2825634123738339e+00
2.3316507975861747e+00
2.3807381827985150e+00
2.4298255680108554e+00
2.4789129532231962e+00
2.5280003384355365e+00
2.5770877236478773e+00
2.6261751088602177e+00
2.6752624940725580e+00
2.7243498792848984e+00
2.7734372644972392e+00
2.8225246497095799e+00
2.8716120349219203e+00
2.9206994201342606e+00
2.9697868053466010e+00
3.0188741905589418e+00
3.0679615757712821e+00
3.1170489609836229e+00
3.1661363461959633e+00
3.2152237314083036e+00
3.2643111166206444e+00
3.3133985018329848e+00
3.3624858870453256e+00
3.4115732722576659e+00
3.4606606574700063e+00
3.5097480426823466e+00
3.5588354278946874e+00
3.6079228131070278e+00
3.6570101983193686e+00
3.7060975835317089e+00
3.7551849687440493e+00
3.8042723539563901e+00
3.8533597391687304e+00
3.9024471243810712e+00
3.9515345095934116e+00
4.0006218948057519e+00
4.0497092800180932e+00
4.0987966652304335e+00
4.1478840504427739e+00
4.1969714356551142e+00
4.2460588208674546e+00
4.2951462060797949e+00
4.3442335912921353e+00
4.3933209765044756e+00
4.4424083617168169e+00
4.4914957469291572e+00
4.5405831321414976e+00
4.5896705173538388e+00
4.6387579025661791e+00
4.6878452877785195e+00
4.7369326729908598e+00
4.7860200582032002e+00
4.8351074434155406e+00
4.8841948286278809e+00
4.9332822138402221e+00
4.9823695990525625e+00
5.0314569842649028e+00
5.0805443694772441e+00
5.1296317546895844e+00
5.1787191399019248e+00
5.2278065251142651e+00
5.2768939103266055e+00
5.3259812955389458e+00
5.3750686807512862e+00
5.4241560659636265e+00
5.4732434511759678e+00
5.5223308363883081e+00
5.5714182216006485e+00
5.6205056068129888e+00
5.6695929920253301e+00
5.7186803772376704e+00
5.7677677624500108e+00
5.8168551476623511e+00
5.8659425328746915e+00
5.9150299180870318e+00
5.9641173032993731e+00
6.0132046885117134e+00
6.0622920737240538e+00
6.1113794589363941e+00
6.1604668441487345e+00
6.2095542293610757e+00
6.2586416145734161e+00
6.3077289997857564e+00
6.3568163849980968e+00
6.4059037702104371e+00
6.4549911554227783e+00
6.5040785406351187e+00
6.5531659258474591e+00
6.6022533110597994e+00
6.6513406962721398e+00
6.7004280814844810e+00
6.7495154666968213e+00
6.7986028519091617e+00
6.8476902371215020e+00
6.8967776223338424e+00
6.9458650075461827e+00
6.9949523927585240e+00
7.0440397779708643e+00
7.0931271631832047e+00
7.1422145483955450e+00
7.1913019336078854e+00
7.2403893188202266e+00
7.2894767040325670e+00
7.3385640892449073e+00
7.3876514744572477e+00
7.4367388596695880e+00
7.4858262448819284e+00
7.5349136300942696e+00
7.5840010153066100e+00
7.6330884005189503e+00
7.6821757857312907e+00
7.7312631709436310e+00
7.7803505561559723e+00
7.8294379413683126e+00
1.4024099729620967e+00
-1.0324799374283056e-01
1.4235433373100914e-01
1.5953400194010667e+00
1.6444274046134073e+00
1.6935147898257479e+00
1.7426021750380882e+00
1.7916895602504288e+00
1.8407769454627694e+00
1.8898643306751097e+00
1.9389517158874503e+00
1.9880391010997909e+00
2.0371264863121312e+00
2.0862138715244720e+00
2.1353012567368124e+00
2.1843886419491527e+00
2.2334760271614935e+00
2.2825634123738339e+00
2.3316507975861747e+00
2.3807381827985150e+00
2.4298255680108554e+00
2.4789129532231962e+00
2.5280003384355365e+00
2.5770877236478773e+00
2.6261751088602177e+00
2.6752624940725580e+00
2.7243498792848984e+00
2.7734372644972392e+00
2.8225246497095799e+00
2.8716120349219203e+00
2.9206994201342606e+00
2.9697868053466010e+00
3.0188741905589418e+00
3.0679615757712821e+00
3.1170489609836229e+00
3.1661363461959633e+00
3.2152237314083036e+00
3.2643111166206444e+00
3.3133985018329848e+00
3.3624858870453256e+00
3.4115732722576659e+00
3.4606606574700063e+00
3.5097480426823466e+00
3.5588354278946874e+00
3.6079228131070278e+00
3.6570101983193686e+00
3.7060975835317089e+00
3.7551849687440493e+00
3.8042723539563901e+00
3.8533597391687304e+00
3.9024471243810712e+00
3.9515345095934116e+00
4.0006218948057519e+00
4.0497092800180932e+00
4.0987966652304335e+00
4.1478840504427739e+00
4.1969714356551142e+00
4.2460588208674546e+00
4.2951462060797949e+00
4.3442335912921353e+00
4.3933209765044756e+00
4.4424083617168169e+00
4.4914957469291572e+00
4.5405831321414976e+00
4.5896705173538388e+00
4.6387579025661791e+00
4.6878452877785195e+00
4.7369326729908598e+00
4.7860200582032002e+00
4.8351074434155406e+00
4.8841948286278809e+00
4.9332822138402221e+00
4.9823695990525625e+00
5.0314569842649028e+00
5.0805443694772441e+00
5.1296317546895844e+00
5.1787191399019248e+00
5.2278065251142651e+00
5.2768939103266055e+00
5.3259812955389458e+00
5.3750686807512862e+00
5.4241560659636265e+00
5.4732434511759678e+00
5.5223308363883081e+00
5.5714182216006485e+00
5.6205056068129888e+00
5.6695929920253301e+00
5.7186803772376704e+00
5.7677677624500108e+00
5.8168551476623511e+00
5.8659425328746915e+00
5.9150299180870318e+00
5.9641173032993731e+00
6.0132046885117134e+00
6.0622920737240538e+00
6.1113794589363941e+00
6.1604668441487345e+00
6.2095542293610757e+00
6.2586416145734161e+00
6.3077289997857564e+00
6.3568163849980968e+00
6.4059037702104371e+00
6.4549911554227783e+00
6.5040785406351187e+00
6.5531659258474591e+00
6.6022533110597994e+00
6.6513406962721398e+00
6.7004280814844810e+00
6.7495154666968213e+00
6.7986028519091617e+00
6.8476902371215020e+00
6.8967776223338424e+00
6.9458650075461827e+00
6.9949523927585240e+00
7.0440397779708643e+00
7.0931271631832047e+00
7.1422145483955450e+00
7.1913019336078854e+00
7.2403893188202266e+00
7.2894767040325670e+00
7.3385640892449073e+00
7.3876514744572477e+00
7.4367388596695880e+00
7.4858262448819284e+00
7.5349136300942696e+00
7.5840010153066100e+00
7.6330884005189503e+00
7.6821757857312907e+00
7.7312631709436310e+00
7.7803505561559723e+00
7.8294379413683126e+00
1.0475468182216370e+00
5.9190843073860000e-01
-1.0807110482434701e-01
1.5953400194010667e+00
1.6444274046134073e+00
1.6935147898257479e+00
1.7426021750380882e+00
1.7916895602504288e+00
1.8407769454627694e+00
1.8898643306751097e+00
1.9389517158874503e+00
1.9880391010997909e+00
2.0371264863121312e+00
2.0862138715244720e+00
2.1353012567368124e+00
2.1843886419491527e+00
2.2334760271614935e+00
2.2825634123738339e+00
2.3316507975861747e+00
2.3807381827985150e+00
2.4298255680108554e+00
2.4789129532231962e+00
2.5280003384355365e+00
2.5770877236478773e+00
2.6261751088602177e+00
2.6752624940725580e+00
2.7243498792848984e+00
2.7734372644972392e+00
2.8225246497095799e+00
2.8716120349219203e+00
2.9206994201342606e+00
2.9697868053466010e+00
3.0188741905589418e+00
3.0679615757712821e+00
3.1170489609836229e+00
3.1661363461959633e+00
3.2152237314083036e+00
3.2643111166206444e+00
3.3133985018329848e+00
3.3624858870453256e+00
3.4115732722576659e+00
3.4606606574700063e+00
3.5097480426823466e+00
3.5588354278946874e+00
3.6079228131070278e+00
3.6570101983193686e+00
3.7060975835317089e+00
3.7551849687440493e+00
3.8042723539563901e+00
3.8533597391687304e+00
3.9024471243810712e+00
3.9515345095934116e+00
4.0006218948057519e+00
4.0497092800180932e+00
4.0987966652304335e+00
4.1478840504427739e+00
4.1969714356551142e+00
4.2460588208674546e+00
4.2951462060797949e+00
4.3442335912921353e+00
4.3933209765044756e+00
4.4424083617168169e+00
4.4914957469291572e+00
4.5405831321414976e+00
4.5896705173538388e+00
4.6387579025661791e+00
4.6878452877785195e+00
4.7369326729908598e+00
4.7860200582032002e+00
4.8351074434155406e+00
4.8841948286278809e+00
4.9332822138402221e+00
4.9823695990525625e+00
5.0314569842649028e+00
5.0805443694772441e+00
5.1296317546895844e+00
5.1787191399019248e+00
5.2278065251142651e+00
5.2768939103266055e+00
5.3259812955389458e+00
5.3750686807512862e+00
5.4241560659636265e+00
5.4732434511759678e+00
5.5223308363883081e+00
5.5714182216006485e+00
5.6205056068129888e+00
5.6695929920253301e+00
5.7186803772376704e+00
5.7677677624500108e+00
5.8168551476623511e+00
5.8659425328746915e+00
5.9150299180870318e+00
5.9641173032993731e+00
6.0132046885117134e+00
6.0622920737240538e+00
6.1113794589363941e+00
6.1604668441487345e+00
6.2095542293610757e+00
6.2586416145734161e+00
6.3077289997857564e+00
6.3568163849980968e+00
6.4059037702104371e+00
6.4549911554227783e+00
6.5040785406351187e+00
6.5531659258474591e+00
6.6022533110597994e+00
6.6513406962721398e+00
6.7004280814844810e+00
6.7495154666968213e+00
6.7986028519091617e+00
6.8476902371215020e+00
6.8967776223338424e+00
6.9458650075461827e+00
6.9949523927585240e+00
7.0440397779708643e+00
7.0931271631832047e+00
7.1422145483955450e+00
7.1913019336078854e+00
7.2403893188202266e+00
7.2894767040325670e+00
7.3385640892449073e+00
7.3876514744572477e+00
7.4367388596695880e+00
7.4858262448819284e+00
7.5349136300942696e+00
7.5840010153066100e+00
7.6330884005189503e+00
7.6821757857312907e+00
7.7312631709436310e+00
7.7803505561559723e+00
7.8294379413683126e+00
1.1848913575832334e+00
2.2429896585863340e-01
7.0826059563375821e-01
1.5953400194010667e+00
1.6444274046134073e+00
1.6935147898257479e+00
1.7426021750380882e+00
1.7916895602504288e+00
1.8407769454627694e+00
1.8898643306751097e+00
1.9389517158874503e+00
1.9880391010997909e+00
2.0371264863121312e+00
2.0862138715244720e+00
2.1353012567368124e+00
2.1843886419491527e+00
2.2334760271614935e+00
2.2825634123738339e+00
2.3316507975861747e+00
2.3807381827985150e+00
2.4298255680108554e+00
2.4789129532231962e+00
2.5280003384355365e+00
2.5770877236478773e+00
2.6261751088602177e+00
2.6752624940725580e+00
2.7243498792848984e+00
2.7734372644972392e+00
2.8225246497095799e+00
2.8716120349219203e+00
2.9206994201342606e+00
2.9697868053466010e+00
3.0188741905589418e+00
3.0679615757712821e+00
3.1170489609836229e+00
3.1661363461959633e+00
3.2152237314083036e+00
3.2643111166206444e+00
3.3133985018329848e+00
3.3624858870453256e+00
3.4115732722576659e+00
3.4606606574700063e+00
3.5097480426823466e+00
3.5588354278946874e+00
3.6079228131070278e+00
3.6570101983193686e+00
3.7060975835317089e+00
3.7551849687440493e+00
3.8042723539563901e+00
3.8533597391687304e+00
3.9024471243810712e+00
3.9515345095934116e+00
4.0006218948057519e+00
4.0497092800180932e+00
4.0987966652304335e+00
4.1478840504427739e+00
4.1969714356551142e+00
4.2460588208674546e+00
4.2951462060797949e+00
4.3442335912921353e+00
4.3933209765044756e+00
4.4424083617168169e+00
4.4914957469291572e+00
4.5405831321414976e+00
4.5896705173538388e+00
4.6387579025661791e+00
4.6878452877785195e+00
4.7369326729908598e+00
4.7860200582032002e+00
4.8351074434155406e+00
4.8841948286278809e+00
4.9332822138402221e+00
4.9823695990525625e+00
5.0314569842649028e+00
5.0805443694772441e+00
5.1296317546895844e+00
5.1787191399019248e+00
5.2278065251142651e+00
5.2768939103266055e+00
5.3259812955389458e+00
5.3750686807512862e+00
5.4241560659636265e+00
5.4732434511759678e+00
5.5223308363883081e+00
5.5714182216006485e+00
5.6205056068129888e+00
5.6695929920253301e+00
5.7186803772376704e+00
5.7677677624500108e+00
5.8168551476623511e+00
5.8659425328746915e+00
5.9150299180870318e+00
5.9641173032993731e+00
6.0132046885117134e+00
6.0622920737240538e+00
6.1113794589363941e+00
6.1604668441487345e+00
6.2095542293610757e+00
6.2586416145734161e+00
6.3077289997857564e+00
6.3568163849980968e+00
6.4059037702104371e+00
6.4549911554227783e+00
6.5040785406351187e+00
6.5531659258474591e+00
6.6022533110597994e+00
6.6513406962721398e+00
6.7004280814844810e+00
6.7495154666968213e+00
6.7986028519091617e+00
6.8476902371215020e+00
6.8967776223338424e+00
6.9458650075461827e+00
6.9949523927585240e+00
7.0440397779708643e+00
7.0931271631832047e+00
7.1422145483955450e+00
7.1913019336078854e+00
7.2403893188202266e+00
7.2894767040325670e+00
7.3385640892449073e+00
7.3876514744572477e+00
7.4367388596695880e+00
7.4858262448819284e+00
7.5349136300942696e+00
7.5840010153066100e+00
7.6330884005189503e+00
7.6821757857312907e+00
7.7312631709436310e+00
7.7803505561559723e+00
7.8294379413683126e+00
9.4008512396553467e-01
6.9840911918060566e-01
6.8828031766421915e-01
1.5953400194010667e+00
1.6444274046134073e+00
1.6935147898257479e+00
1.7426021750380882e+00
1.7916895602504288e+00
1.8407769454627694e+00
1.8898643306751097e+00
1.9389517158874503e+00
1.9880391010997909e+00
2.0371264863121312e+00
2.0862138715244720e+00
2.1353012567368124e+00
2.1843886419491527e+00
2.2334760271614935e+00
2.2825634123738339e+00
2.3316507975861747e+00
2.3807381827985150e+00
2.4298255680108554e+00
2.4789129532231962e+00
2.5280003384355365e+00
2.5770877236478773e+00
2.6261751088602177e+00
2.6752624940725580e+00
2.7243498792848984e+00
2.7734372644972392e+00
2.8225246497095799e+00
2.8716120349219203e+00
2.9206994201342606e+00
2.9697868053466010e+00
3.0188741905589418e+00
3.0679615757712821e+00
3.1170489609836229e+00
3.1661363461959633e+00
3.2152237314083036e+00
3.2643111166206444e+00
3.3133985018329848e+00
3.3624858870453256e+00
3.4115732722576659e+00
3.4606606574700063e+00
3.5097480426823466e+00
3.5588354278946874e+00
3.6079228131070278e+00
3.6570101983193686e+00
3.7060975835317089e+00
3.7551849687440493e+00
3.8042723539563901e+00
3.8533597391687304e+00
3.9024471243810712e+00
3.9515345095934116e+00
4.0006218948057519e+00
4.0497092800180932e+00
4.0987966652304335e+00
4.1478840504427739e+00
4.1969714356551142e+00
4.2460588208674546e+00
4.2951462060797949e+00
4.3442335912921353e+00
4.3933209765044756e+00
4.4424083617168169e+00
4.4914957469291572e+00
4.5405831321414976e+00
4.5896705173538388e+00
4.6387579025661791e+00
4.6878452877785195e+00
4.7369326729908598e+00
4.7860200582032002e+00
4.8351074434155406e+00
4.8841948286278809e+00
4.9332822138402221e+00
4.9823695990525625e+00
5.0314569842649028e+00
5.0805443694772441e+00
5.1296317546895844e+00
5.1787191399019248e+00
5.2278065251142651e+00
5.2768939103266055e+00
5.3259812955389458e+00
5.3750686807512862e+00
5.4241560659636265e+00
5.4732434511759678e+00
5.5223308363883081e+00
5.5714182216006485e+00
5.6205056068129888e+00
5.6695929920253301e+00
5.7186803772376704e+00
5.7677677624500108e+00
5.8168551476623511e+00
5.8659425328746915e+00
5.9150299180870318e+00
5.9641173032993731e+00
6.0132046885117134e+00
6.0622920737240538e+00
6.1113794589363941e+00
6.1604668441487345e+00
6.2095542293610757e+00
6.2586416145734161e+00
6.3077289997857564e+00
6.3568163849980968e+00
6.4059037702104371e+00
6.4549911554227783e+00
6.5040785406351187e+00
6.5531659258474591e+00
6.6022533110597994e+00
6.6513406962721398e+00
6.7004280814844810e+00
6.7495154666968213e+00
6.7986028519091617e+00
6.8476902371215020e+00
6.8967776223338424e+00
6.9458650075461827e+00
6.9949523927585240e+00
7.0440397779708643e+00
7.0931271631832047e+00
7.1422145483955450e+00
7.1913019336078854e+00
7.2403893188202266e+00
7.2894767040325670e+00
7.3385640892449073e+00
7.3876514744572477e+00
7.4367388596695880e+00
7.4858262448819284e+00
7.5349136300942696e+00
7.5840010153066100e+00
7.6330884005189503e+00
7.6821757857312907e+00
7.7312631709436310e+00
7.7803505561559723e+00
7.8294379413683126e+00
7.3614127817795860e-01
-5.4664291640196772e-01
-1.5617821964064671e-01
1.5953400194010667e+00
1.6444274046134073e+00
1.6935147898257479e+00
1.7426021750380882e+00
1.7916895602504288e+00
1.8407769454627694e+00
1.8898643306751097e+00
1.9389517158874503e+00
1.9880391010997909e+00
2.0371264863121312e+00
2.0862138715244720e+00
2.1353012567368124e+00
2.1843886419491527e+00
2.2334760271614935e+00
2.2825634123738339e+00
2.3316507975861747e+00
2.3807381827985150e+00
2.4298255680108554e+00
2.4789129532231962e+00
2.5280003384355365e+00
2.5770877236478773e+00
2.6261751088602177e+00
2.6752624940725580e+00
2.7243498792848984e+00
2.7734372644972392e+00
2.8225246497095799e+00
2.8716120349219203e+00
2.9206994201342606e+00
2.9697868053466010e+00
3.0188741905589418e+00
3.0679615757712821e+00
3.1170489609836229e+00
3.1661363461959633e+00
3.2152237314083036e+00
3.2643111166206444e+00
3.3133985018329848e+00
3.3624858870453256e+00
3.4115732722576659e+00
3.4606606574700063e+00
3.5097480426823466e+00
3.5588354278946874e+00
3.6079228131070278e+00
3.6570101983193686e+00
3.7060975835317089e+00
3.7551849687440493e+00
3.8042723539563901e+00
3.8533597391687304e+00
3.9024471243810712e+00
3.9515345095934116e+00
4.0006218948057519e+00
4.0497092800180932e+00
4.0987966652304335e+00
4.1478840504427739e+00
4.1969714356551142e+00
4.2460588208674546e+00
4.2951462060797949e+00
4.3442335912921353e+00
4.3933209765044756e+00
4.4424083617168169e+00
4.4914957469291572e+00
4.5405831321414976e+00
4.5896705173538388e+00
4.6387579025661791e+00
4.6878452877785195e+00
4.7369326729908598e+00
4.7860200582032002e+00
4.8351074434155406e+00
4.8841948286278809e+00
4.9332822138402221e+00
4.9823695990525625e+00
5.0314569842649028e+00
5.0805443694772441e+00
5.1296317546895844e+00
5.1787191399019248e+00
5.2278065251142651e+00
5.2768939103266055e+00
5.3259812955389458e+00
5.3750686807512862e+00
5.4241560659636265e+00
5.4732434511759678e+00
5.5223308363883081e+00
5.5714182216006485e+00
5.6205056068129888e+00
5.6695929920253301e+00
5.7186803772376704e+00
5.7677677624500108e+00
5.8168551476623511e+00
5.8659425328746915e+00
5.9150299180870318e+00
5.9641173032993731e+00
6.0132046885117134e+00
6.0622920737240538e+00
6.1113794589363941e+00
6.1604668441487345e+00
6.2095542293610757e+00
6.2586416145734161e+00
6.3077289997857564e+00
6.3568163849980968e+00
6.4059037702104371e+00
6.4549911554227783e+00
6.5040785406351187e+00
6.5531659258474591e+00
6.6022533110597994e+00
6.6513406962721398e+00
6.7004280814844810e+00
6.7495154666968213e+00
6.7986028519091617e+00
6.8476902371215020e+00
6.8967776223338424e+00
6.9458650075461827e+00
6.9949523927585240e+00
7.0440397779708643e+00
7.0931271631832047e+00
7.1422145483955450e+00
7.1913019336078854e+00
7.2403893188202266e+00
7.2894767040325670e+00
7.3385640892449073e+00
7.3876514744572477e+00
7.4367388596695880e+00
7.4858262448819284e+00
7.5349136300942696e+00
7.5840010153066100e+00
7.6330884005189503e+00
7.6821757857312907e+00
7.7312631709436310e+00
7.7803505561559723e+00
7.8294379413683126e+00
1.0710148280214753e+00
6.8174918068992363e-01
-7.7093605043504776e-01
1.5953400194010667e+00
1.6444274046134073e+00
1.6935147898257479e+00
1.7426021750380882e+00
1.7916895602504288e+00
1.8407769454627694e+00
1.8898643306751097e+00
1.9389517158874503e+00
1.9880391010997909e+00
2.0371264863121312e+00
2.0862138715244720e+00
2.1353012567368124e+00
2.1843886419491527e+00
2.2334760271614935e+00
2.2825634123738339e+00
2.3316507975861747e+00
2.3807381827985150e+00
2.4298255680108554e+00
2.4789129532231962e+00
2.5280003384355365e+00
2.5770877236478773e+00
2.6261751088602177e+00
2.6752624940725580e+00
2.7243498792848984e+00
2.7734372644972392e+00
2.8225246497095799e+00
2.8716120349219203e+00
2.9206994201342606e+00
2.9697868053466010e+00
3.0188741905589418e+00
3.0679615757712821e+00
3.1170489609836229e+00
3.1661363461959633e+00
3.2152237314083036e+00
3.2643111166206444e+00
3.3133985018329848e+00
3.3624858870453256e+00
3.4115732722576659e+00
3.4606606574700063e+00
3.5097480426823466e+00
3.5588354278946874e+00
3.6079228131070278e+00
3.6570101983193686e+00
3.7060975835317089e+00
3.7551849687440493e+00
3.8042723539563901e+00
3.8533597391687304e+00
3.9024471243810712e+00
3.9515345095934116e+00
4.0006218948057519e+00
4.0497092800180932e+00
4.0987966652304335e+00
4.1478840504427739e+00
4.1969714356551142e+00
4.2460588208674546e+00
4.2951462060797949e+00
4.3442335912921353e+00
4.3933209765044756e+00
4.4424083617168169e+00
4.4914957469291572e+00
4.5405831321414976e+00
4.5896705173538388e+00
4.6387579025661791e+00
4.6878452877785195e+00
4.7369326729908598e+00
4.7860200582032002e+00
4.8351074434155406e+00
4.8841948286278809e+00
4.9332822138402221e+00
4.9823695990525625e+00
5.0314569842649028e+00
5.0805443694772441e+00
5.1296317546895844e+00
5.1787191399019248e+00
5.2278065251142651e+00
5.2768939103266055e+00
5.3259812955389458e+00
5.3750686807512862e+00
5.4241560659636265e+00
5.4732434511759678e+00
5.5223308363883081e+00
5.5714182216006485e+00
5.6205056068129888e+00
5.6695929920253301e+00
5.7186803772376704e+00
5.7677677624500108e+00
5.8168551476623511e+00
5.8659425328746915e+00
5.9150299180870318e+00
5.9641173032993731e+00
6.0132046885117134e+00
6.0622920737240538e+00
6.1113794589363941e+00
6.1604668441487345e+00
6.2095542293610757e+00
6.2586416145734161e+00
6.3077289997857564e+00
6.3568163849980968e+00
6.4059037702104371e+00
6.4549911554227783e+00
6.5040785406351187e+00
6.5531659258474591e+00
6.6022533110597994e+00
6.6513406962721398e+00
6.7004280814844810e+00
6.7495154666968213e+00
6.7986028519091617e+00
6.8476902371215020e+00
6.8967776223338424e+00
6.9458650075461827e+00
6.9949523927585240e+00
7.0440397779708643e+00
7.0931271631832047e+00
7.1422145483955450e+00
7.1913019336078854e+00
7.2403893188202266e+00
7.2894767040325670e+00
7.3385640892449073e+00
7.3876514744572477e+00
7.4367388596695880e+00
7.4858262448819284e+00
7.5349136300942696e+00
7.5840010153066100e+00
7.6330884005189503e+00
7.6821757857312907e+00
7.7312631709436310e+00
7.7803505561559723e+00
7.8294379413683126e+00
8.7493009736335914e-01
-2.6938652553572728e-01
7.3299610885074906e-01
1.5953400194010667e+00
1.6444274046134073e+00
1.6935147898257479e+00
1.7426021750380882e+00
1.7916895602504288e+00
1.8407769454627694e+00
1.8898643306751097e+00
1.9389517158874503e+00
1.9880391010997909e+00
2.0371264863121312e+00
2.0862138715244720e+00
2.1353012567368124e+00
2.1843886419491527e+00
2.2334760271614935e+00
2.2825634123738339e+00
2.3316507975861747e+00
2.3807381827985150e+00
2.4298255680108554e+00
2.4789129532231962e+00
2.5280003384355365e+00
2.5770877236478773e+00
2.6261751088602177e+00
2.6752624940725580e+00
2.7243498792848984e+00
2.7734372644972392e+00
2.8225246497095799e+00
2.8716120349219203e+00
2.9206994201342606e+00
2.9697868053466010e+00
3.0188741905589418e+00
3.0679615757712821e+00
3.1170489609836229e+00
3.1661363461959633e+00
3.2152237314083036e+00
3.2643111166206444e+00
3.3133985018329848e+00
3.3624858870453256e+00
3.4115732722576659e+00
3.4606606574700063e+00
3.5097480426823466e+00
3.5588354278946874e+00
3.6079228131070278e+00
3.6570101983193686e+00
3.7060975835317089e+00
3.7551849687440493e+00
3.8042723539563901e+00
3.8533597391687304e+00
3.9024471243810712e+00
3.9515345095934116e+00
4.0006218948057519e+00
4.0497092800180932e+00
4.0987966652304335e+00
4.1478840504427739e+00
4.1969714356551142e+00
4.2460588208674546e+00
4.2951462060797949e+00
4.3442335912921353e+00
4.3933209765044756e+00
4.4424083617168169e+00
4.4914957469291572e+00
4.5405831321414976e+00
4.5896705173538388e+00
4.6387579025661791e+00
4.6878452877785195e+00
4.7369326729908598e+00
4.7860200582032002e+00
4.8351074434155406e+00
4.8841948286278809e+00
4.9332822138402221e+00
4.9823695990525625e+00
5.0314569842649028e+00
5.0805443694772441e+00
5.1296317546895844e+00
5.1787191399019248e+00
5.2278065251142651e+00
5.2768939103266055e+00
5.3259812955389458e+00
5.3750686807512862e+00
5.4241560659636265e+00
5.4732434511759678e+00
5.5223308363883081e+00
5.5714182216006485e+00
5.6205056068129888e+00
5.6695929920253301e+00
5.7186803772376704e+00
5.7677677624500108e+00
5.8168551476623511e+00
5.8659425328746915e+00
5.9150299180870318e+00
5.9641173032993731e+00
6.0132046885117134e+00
6.0622920737240538e+00
6.1113794589363941e+00
6.1604668441487345e+00
6.2095542293610757e+00
6.2586416145734161e+00
6.3077289997857564e+00
6.3568163849980968e+00
6.4059037702104371e+00
6.4549911554227783e+00
6.5040785406351187e+00
6.5531659258474591e+00
6.6022533110597994e+00
6.6513406962721398e+00
6.7004280814844810e+00
6.7495154666968213e+00
6.7986028519091617e+00
6.8476902371215020e+00
6.8967776223338424e+00
6.9458650075461827e+00
6.9949523927585240e+00
7.0440397779708643e+00
7.0931271631832047e+00
7.1422145483955450e+00
7.1913019336078854e+00
7.2403893188202266e+00
7.2894767040325670e+00
7.3385640892449073e+00
7.3876514744572477e+00
7.4367388596695880e+00
7.4858262448819284e+00
7.5349136300942696e+00
7.5840010153066100e+00
7.6330884005189503e+00
7.6821757857312907e+00
7.7312631709436310e+00
7.7803505561559723e+00
7.8294379413683126e+00
9.3876382812113324e-01
-7.0607307147766685e-01
1.9370401131645010e-01
1.5953400194010667e+00
1.6444274046134073e+00
1.6935147898257479e+00
1.7426021750380882e+00
1.7916895602504288e+00
1.8407769454627694e+00
1.8898643306751097e+00
1.9389517158874503e+00
1.9880391010997909e+00
2.0371264863121312e+00
2.0862138715244720e+00
2.1353012567368124e+00
2.1843886419491527e+00
2.2334760271614935e+00
2.2825634123738339e+00
2.3316507975861747e+00
2.3807381827985150e+00
2.4298255680108554e+00
2.4789129532231962e+00
2.5280003384355365e+00
2.5770877236478773e+00
2.6261751088602177e+00
2.6752624940725580e+00
2.7243498792848984e+00
2.7734372644972392e+00
2.8225246497095799e+00
2.8716120349219203e+00
2.9206994201342606e+00
2.9697868053466010e+00
3.0188741905589418e+00
3.0679615757712821e+00
3.1170489609836229e+00
3.1661363461959633e+00
3.2152237314083036e+00
3.2643111166206444e+00
3.3133985018329848e+00
3.3624858870453256e+00
3.4115732722576659e+00
3.4606606574700063e+00
3.5097480426823466e+00
3.5588354278946874e+00
3.6079228131070278e+00
3.6570101983193686e+00
3.7060975835317089e+00
3.7551849687440493e+00
3.8042723539563901e+00
3.8533597391687304e+00
3.9024471243810712e+00
3.9515345095934116e+00
4.0006218948057519e+00
4.0497092800180932e+00
4.0987966652304335e+00
4.1478840504427739e+00
4.1969714356551142e+00
4.2460588208674546e+00
4.2951462060797949e+00
4.3442335912921353e+00
4.3933209765044756e+00
4.4424083617168169e+00
4.4914957469291572e+00
4.5405831321414976e+00
4.5896705173538388e+00
4.6387579025661791e+00
4.6878452877785195e+00
4.7369326729908598e+00
4.7860200582032002e+00
4.8351074434155406e+00
4.8841948286278809e+00
4.9332822138402221e+00
4.9823695990525625e+00
5.0314569842649028e+00
5.0805443694772441e+00
5.1296317546895844e+00
5.1787191399019248e+00
5.2278065251142651e+00
5.2768939103266055e+00
5.3259812955389458e+00
5.3750686807512862e+00
5.4241560659636265e+00
5.4732434511759678e+00
5.5223308363883081e+00
5.5714182216006485e+00
5.6205056068129888e+00
5.6695929920253301e+00
5.7186803772376704e+00
5.7677677624500108e+00
5.8168551476623511e+00
5.8659425328746915e+00
5.9150299180870318e+00
5.9641173032993731e+00
6.0132046885117134e+00
6.0622920737240538e+00
6.1113794589363941e+00
6.1604668441487345e+00
6.2095542293610757e+00
6.2586416145734161e+00
6.3077289997857564e+00
6.3568163849980968e+00
6.4059037702104371e+00
6.4549911554227783e+00
6.5040785406351187e+00
6.5531659258474591e+00
6.6022533110597994e+00
6.6513406962721398e+00
6.7004280814844810e+00
6.7495154666968213e+00
6.7986028519091617e+00
6.8476902371215020e+00
6.8967776223338424e+00
6.9458650075461827e+00
6.9949523927585240e+00
7.0440397779708643e+00
7.0931271631832047e+00
7.1422145483955450e+00
7.1913019336078854e+00
7.2403893188202266e+00
7.2894767040325670e+00
7.3385640892449073e+00
7.3876514744572477e+00
7.4367388596695880e+00
7.4858262448819284e+00
7.5349136300942696e+00
7.5840010153066100e+00
7.6330884005189503e+00
7.6821757857312907e+00
7.7312631709436310e+00
7.7803505561559723e+00
7.8294379413683126e+00
7.4062841311774719e-01
-8.2382113769125564e-01
-3.8634833761666210e-01
1.5953400194010667e+00
1.6444274046134073e+00
1.6935147898257479e+00
1.7426021750380882e+00
1.7916895602504288e+00
1.8407769454627694e+00
1.8898643306751097e+00
1.9389517158874503e+00
1.9880391010997909e+00
2.0371264863121312e+00
2.0862138715244720e+00
2.1353012567368124e+00
2.1843886419491527e+00
2.2334760271614935e+00
2.2825634123738339e+00
2.3316507975861747e+00
2.3807381827985150e+00
2.4298255680108554e+00
2.4789129532231962e+00
2.5280003384355365e+00
2.5770877236478773e+00
2.6261751088602177e+00
2.6752624940725580e+00
2.7243498792848984e+00
2.7734372644972392e+00
2.8225246497095799e+00
2.8716120349219203e+00
2.9206994201342606e+00
2.9697868053466010e+00
3.0188741905589418e+00
3.0679615757712821e+00
3.1170489609836229e+00
3.1661363461959633e+00
3.2152237314083036e+00
3.2643111166206444e+00
3.3133985018329848e+00
3.3624858870453256e+00
3.4115732722576659e+00
3.4606606574700063e+00
3.5097480426823466e+00
3.5588354278946874e+00
3.6079228131070278e+00
3.6570101983193686e+00
3.7060975835317089e+00
3.7551849687440493e+00
3.8042723539563901e+00
3.8533597391687304e+00
3.9024471243810712e+00
3.9515345095934116e+00
4.0006218948057519e+00
4.0497092800180932e+00
4.0987966652304335e+00
4.1478840504427739e+00
4.1969714356551142e+00
4.2460588208674546e+00
4.2951462060797949e+00
4.3442335912921353e+00
4.3933209765044756e+00
4.4424083617168169e+00
4.4914957469291572e+00
4.5405831321414976e+00
4.5896705173538388e+00
4.6387579025661791e+00
4.6878452877785195e+00
4.7369326729908598e+00
4.7860200582032002e+00
4.8351074434155406e+00
4.8841948286278809e+00
4.9332822138402221e+00
4.9823695990525625e+00
5.0314569842649028e+00
5.0805443694772441e+00
5.1296317546895844e+00
5.1787191399019248e+00
5.2278065251142651e+00
5.2768939103266055e+00
5.3259812955389458e+00
5.3750686807512862e+00
5.4241560659636265e+00
5.4732434511759678e+00
5.5223308363883081e+00
5.5714182216006485e+00
5.6205056068129888e+00
5.6695929920253301e+00
5.7186803772376704e+00
5.7677677624500108e+00
5.8168551476623511e+00
5.8659425328746915e+00
5.9150299180870318e+00
5.9641173032993731e+00
6.0132046885117134e+00
6.0622920737240538e+00
6.1113794589363941e+00
6.1604668441487345e+00
6.2095542293610757e+00
6.2586416145734161e+00
6.3077289997857564e+00
6.3568163849980968e+00
6.4059037702104371e+00
6.4549911554227783e+00
6.5040785406351187e+00
6.5531659258474591e+00
6.6022533110597994e+00
6.6513406962721398e+00
6.7004280814844810e+00
6.7495154666968213e+00
6.7986028519091617e+00
6.8476902371215020e+00
6.8967776223338424e+00
6.9458650075461827e+00
6.9949523927585240e+00
7.0440397779708643e+00
7.0931271631832047e+00
7.1422145483955450e+00
7.1913019336078854e+00
7.2403893188202266e+00
7.2894767040325670e+00
7.3385640892449073e+00
7.3876514744572477e+00
7.4367388596695880e+00
7.4858262448819284e+00
7.5349136300942696e+00
7.5840010153066100e+00
7.6330884005189503e+00
7.6821757857312907e+00
7.7312631709436310e+00
7.7803505561559723e+00
7.8294379413683126e+00
7.0929519332840385e-01
-2.5327718085072060e-01
-2.8868784809064074e-01
1.5953400194010667e+00
1.6444274046134073e+00
1.6935147898257479e+00
1.7426021750380882e+00
1.7916895602504288e+00
1.8407769454627694e+00
1.8898643306751097e+00
1.9389517158874503e+00
1.9880391010997909e+00
2.0371264863121312e+00
2.0862138715244720e+00
2.1353012567368124e+00
2.1843886419491527e+00
2.2334760271614935e+00
2.2825634123738339e+00
2.3316507975861747e+00
2.3807381827985150e+00
2.4298255680108554e+00
2.4789129532231962e+00
2.5280003384355365e+00
2.5770877236478773e+00
2.6261751088602177e+00
2.6752624940725580e+00
2.7243498792848984e+00
2.7734372644972392e+00
2.8225246497095799e+00
2.8716120349219203e+00
2.9206994201342606e+00
2.9697868053466010e+00
3.0188741905589418e+00
3.0679615757712821e+00
3.1170489609836229e+00
3.1661363461959633e+00
3.2152237314083036e+00
3.2643111166206444e+00
3.3133985018329848e+00
3.3624858870453256e+00
3.4115732722576659e+00
3.4606606574700063e+00
3.5097480426823466e+00
3.5588354278946874e+00
3.6079228131070278e+00
3.6570101983193686e+00
3.7060975835317089e+00
3.7551849687440493e+00
3.8042723539563901e+00
3.8533597391687304e+00
3.9024471243810712e+00
3.9515345095934116e+00
4.0006218948057519e+00
4.0497092800180932e+00
4.0987966652304335e+00
4.1478840504427739e+00
4.1969714356551142e+00
4.2460588208674546e+00
4.2951462060797949e+00
4.3442335912921353e+00
4.3933209765044756e+00
4.4424083617168169e+00
4.4914957469291572e+00
4.5405831321414976e+00
4.5896705173538388e+00
4.6387579025661791e+00
4.6878452877785195e+00
4.7369326729908598e+00
4.7860200582032002e+00
4.8351074434155406e+00
4.8841948286278809e+00
4.9332822138402221e+00
4.9823695990525625e+00
5.0314569842649028e+00
5.0805443694772441e+00
5.1296317546895844e+00
5.1787191399019248e+00
5.2278065251142651e+00
5.2768939103266055e+00
5.3259812955389458e+00
5.3750686807512862e+00
5.4241560659636265e+00
5.4732434511759678e+00
5.5223308363883081e+00
5.5714182216006485e+00
5.6205056068129888e+00
5.6695929920253301e+00
5.7186803772376704e+00
5.7677677624500108e+00
5.8168551476623511e+00
5.8659425328746915e+00
5.9150299180870318e+00
5.9641173032993731e+00
6.0132046885117134e+00
6.0622920737240538e+00
6.1113794589363941e+00
6.1604668441487345e+00
6.2095542293610757e+00
6.2586416145734161e+00
6.3077289997857564e+00
6.3568163849980968e+00
6.4059037702104371e+00
6.4549911554227783e+00
6.5040785406351187e+00
6.5531659258474591e+00
6.6022533110597994e+00
6.6513406962721398e+00
6.7004280814844810e+00
6.7495154666968213e+00
6.7986028519091617e+00
6.8476902371215020e+00
6.8967776223338424e+00
6.9458650075461827e+00
6.9949523927585240e+00
7.0440397779708643e+00
7.0931271631832047e+00
7.1422145483955450e+00
7.1913019336078854e+00
7.2403893188202266e+00
7.2894767040325670e+00
7.3385640892449073e+00
7.3876514744572477e+00
7.4367388596695880e+00
7.4858262448819284e+00
7.5349136300942696e+00
7.5840010153066100e+00
7.6330884005189503e+00
7.6821757857312907e+00
7.7312631709436310e+00
7.7803505561559723e+00
7.8294379413683126e+00
7.3092650798680936e-01
8.3176710745040272e-01
3.3667668678456764e-01
