128
20
1.5953400194010667e+00
1.6444274046134073e+00
1.6935147898257479e+00
1.7426021750380882e+00
1.7916895602504288e+00
1.8407769454627694e+00
1.8898643306751097e+00
1.9389517158874503e+00
1.9880391010997909e+00
2.0371264863121312e+00
2.0862138715244720e+00
2.1353012567368124e+00
2.1843886419491527e+00
2.2334760271614935e+00
2.2825634123738339e+00
2.3316507975861747e+00
2.3807381827985150e+00
2.4298255680108554e+00
2.4789129532231962e+00
2.5280003384355365e+00
2.5770877236478773e+00
2.6261751088602177e+00
2.6752624940725580e+00
2.7243498792848984e+00
2.7734372644972392e+00
2.8225246497095799e+00
2.8716120349219203e+00
2.9206994201342606e+00
2.9697868053466010e+00
3.0188741905589418e+00
3.0679615757712821e+00
3.1170489609836229e+00
3.1661363461959633e+00
3.2152237314083036e+00
3.2643111166206444e+00
3.3133985018329848e+00
3.3624858870453256e+00
3.4115732722576659e+00
3.4606606574700063e+00
3.5097480426823466e+00
3.5588354278946874e+00
3.6079228131070278e+00
3.6570101983193686e+00
3.7060975835317089e+00
3.7551849687440493e+00
3.8042723539563901e+00
3.8533597391687304e+00
3.9024471243810712e+00
3.9515345095934116e+00
4.0006218948057519e+00
4.0497092800180932e+00
4.0987966652304335e+00
4.1478840504427739e+00
4.1969714356551142e+00
4.2460588208674546e+00
4.2951462060797949e+00
4.3442335912921353e+00
4.3933209765044756e+00
4.4424083617168169e+00
4.4914957469291572e+00
4.5405831321414976e+00
4.5896705173538388e+00
4.6387579025661791e+00
4.6878452877785195e+00
4.7369326729908598e+00
4.7860200582032002e+00
4.8351074434155406e+00
4.8841948286278809e+00
4.9332822138402221e+00
4.9823695990525625e+00
5.0314569842649028e+00
5.0805443694772441e+00
5.1296317546895844e+00
5.1787191399019248e+00
5.2278065251142651e+00
5.2768939103266055e+00
5.3259812955389458e+00
5.3750686807512862e+00
5.4241560659636265e+00
5.4732434511759678e+00
5.5223308363883081e+00
5.5714182216006485e+00
5.6205056068129888e+00
5.6695929920253301e+00
5.7186803772376704e+00
5.7677677624500108e+00
5.8168551476623511e+00
5.8659425328746915e+00
5.9150299180870318e+00
5.9641173032993731e+00
6.0132046885117134e+00
6.0622920737240538e+00
6.1113794589363941e+00
6.1604668441487345e+00
6.2095542293610757e+00
6.2586416145734161e+00
6.3077289997857564e+00
6.3568163849980968e+00
6.4059037702104371e+00
6.4549911554227783e+00
6.5040785406351187e+00
6.5531659258474591e+00
6.6022533110597994e+00
6.6513406962721398e+00
6.7004280814844810e+00
6.7495154666968213e+00
6.7986028519091617e+00
6.8476902371215020e+00
6.8967776223338424e+00
6.9458650075461827e+00
6.9949523927585240e+00
7.0440397779708643e+00
7.0931271631832047e+00
7.1422145483955450e+00
7.1913019336078854e+00
7.2403893188202266e+00
7.2894767040325670e+00
7.3385640892449073e+00
7.3876514744572477e+00
7.4367388596695880e+00
7.4858262448819284e+00
7.5349136300942696e+00
7.5840010153066100e+00
7.6330884005189503e+00
7.6821757857312907e+00
7.7312631709436310e+00
7.7803505561559723e+00
7.8294379413683126e+00
8.2503128641949774e-01
-4.5909373410408283e-01
-5.5566046281791426e-01
1.5953400194010667e+00
1.6444274046134073e+00
1.6935147898257479e+00
1.7426021750380882e+00
1.7916895602504288e+00
1.8407769454627694e+00
1.8898643306751097e+00
1.9389517158874503e+00
1.9880391010997909e+00
2.0371264863121312e+00
2.0862138715244720e+00
2.1353012567368124e+00
2.1843886419491527e+00
2.2334760271614935e+00
2.2825634123738339e+00
2.3316507975861747e+00
2.3807381827985150e+00
2.4298255680108554e+00
2.4789129532231962e+00
2.5280003384355365e+00
2.5770877236478773e+00
2.6261751088602177e+00
2.6752624940725580e+00
2.7243498792848984e+00
2.7734372644972392e+00
2.8225246497095799e+00
2.8716120349219203e+00
2.9206994201342606e+00
2.9697868053466010e+00
3.0188741905589418e+00
3.0679615757712821e+00
3.1170489609836229e+00
3.1661363461959633e+00
3.2152237314083036e+00
3.2643111166206444e+00
3.3133985018329848e+00
3.3624858870453256e+00
3.4115732722576659e+00
3.4606606574700063e+00
3.5097480426823466e+00
3.5588354278946874e+00
3.6079228131070278e+00
3.6570101983193686e+00
3.7060975835317089e+00
3.7551849687440493e+00
3.8042723539563901e+00
3.8533597391687304e+00
3.9024471243810712e+00
3.9515345095934116e+00
4.0006218948057519e+00
4.0497092800180932e+00
4.0987966652304335e+00
4.1478840504427739e+00
4.1969714356551142e+00
4.2460588208674546e+00
4.2951462060797949e+00
4.3442335912921353e+00
4.3933209765044756e+00
4.4424083617168169e+00
4.4914957469291572e+00
4.5405831321414976e+00
4.5896705173538388e+00
4.6387579025661791e+00
4.6878452877785195e+00
4.7369326729908598e+00
4.7860200582032002e+00
4.8351074434155406e+00
4.8841948286278809e+00
4.9332822138402221e+00
4.9823695990525625e+00
5.0314569842649028e+00
5.0805443694772441e+00
5.1296317546895844e+00
5.1787191399019248e+00
5.2278065251142651e+00
5.2768939103266055e+00
5.3259812955389458e+00
5.3750686807512862e+00
5.4241560659636265e+00
5.4732434511759678e+00
5.5223308363883081e+00
5.5714182216006485e+00
5.6205056068129888e+00
5.6695929920253301e+00
5.7186803772376704e+00
5.7677677624500108e+00
5.8168551476623511e+00
5.8659425328746915e+00
5.9150299180870318e+00
5.9641173032993731e+00
6.0132046885117134e+00
6.0622920737240538e+00
6.1113794589363941e+00
6.1604668441487345e+00
6.2095542293610757e+00
6.2586416145734161e+00
6.3077289997857564e+00
6.3568163849980968e+00
6.4059037702104371e+00
6.4549911554227783e+00
6.5040785406351187e+00
6.5531659258474591e+00
6.6022533110597994e+00
6.6513406962721398e+00
6.7004280814844810e+00
6.7495154666968213e+00
6.7986028519091617e+00
6.8476902371215020e+00
6.8967776223338424e+00
6.9458650075461827e+00
6.9949523927585240e+00
7.0440397779708643e+00
7.0931271631832047e+00
7.1422145483955450e+00
7.1913019336078854e+00
7.2403893188202266e+00
7.2894767040325670e+00
7.3385640892449073e+00
7.3876514744572477e+00
7.4367388596695880e+00
7.4858262448819284e+00
7.5349136300942696e+00
7.5840010153066100e+00
7.6330884005189503e+00
7.6821757857312907e+00
7.7312631709436310e+00
7.7803505561559723e+00
7.8294379413683126e+00
1.4635944028053007e+00
-5.8521103411580455e-01
3.4350146937200532e-01
1.5953400194010667e+00
1.6444274046134073e+00
1.6935147898257479e+00
1.7426021750380882e+00
1.7916895602504288e+00
1.8407769454627694e+00
1.8898643306751097e+00
1.9389517158874503e+00
1.9880391010997909e+00
2.0371264863121312e+00
2.0862138715244720e+00
2.1353012567368124e+00
2.1843886419491527e+00
2.2334760271614935e+00
2.2825634123738339e+00
2.3316507975861747e+00
2.3807381827985150e+00
2.4298255680108554e+00
2.4789129532231962e+00
2.5280003384355365e+00
2.5770877236478773e+00
2.6261751088602177e+00
2.6752624940725580e+00
2.7243498792848984e+00
2.7734372644972392e+00
2.8225246497095799e+00
2.8716120349219203e+00
2.9206994201342606e+00
2.9697868053466010e+00
3.0188741905589418e+00
3.0679615757712821e+00
3.1170489609836229e+00
3.1661363461959633e+00
3.2152237314083036e+00
3.2643111166206444e+00
3.3133985018329848e+00
3.3624858870453256e+00
3.4115732722576659e+00
3.4606606574700063e+00
3.5097480426823466e+00
3.5588354278946874e+00
3.6079228131070278e+00
3.6570101983193686e+00
3.7060975835317089e+00
3.7551849687440493e+00
3.8042723539563901e+00
3.8533597391687304e+00
3.9024471243810712e+00
3.9515345095934116e+00
4.0006218948057519e+00
4.0497092800180932e+00
4.0987966652304335e+00
4.1478840504427739e+00
4.1969714356551142e+00
4.2460588208674546e+00
4.2951462060797949e+00
4.3442335912921353e+00
4.3933209765044756e+00
4.4424083617168169e+00
4.4914957469291572e+00
4.5405831321414976e+00
4.5896705173538388e+00
4.6387579025661791e+00
4.6878452877785195e+00
4.7369326729908598e+00
4.7860200582032002e+00
4.8351074434155406e+00
4.8841948286278809e+00
4.9332822138402221e+00
4.9823695990525625e+00
5.0314569842649028e+00
5.0805443694772441e+00
5.1296317546895844e+00
5.1787191399019248e+00
5.2278065251142651e+00
5.2768939103266055e+00
5.3259812955389458e+00
5.3750686807512862e+00
5.4241560659636265e+00
5.4732434511759678e+00
5.5223308363883081e+00
5.5714182216006485e+00
5.6205056068129888e+00
5.6695929920253301e+00
5.7186803772376704e+00
5.7677677624500108e+00
5.8168551476623511e+00
5.8659425328746915e+00
5.9150299180870318e+00
5.9641173032993731e+00
6.0132046885117134e+00
6.0622920737240538e+00
6.1113794589363941e+00
6.1604668441487345e+00
6.2095542293610757e+00
6.2586416145734161e+00
6.3077289997857564e+00
6.3568163849980968e+00
6.4059037702104371e+00
6.4549911554227783e+00
6.5040785406351187e+00
6.5531659258474591e+00
6.6022533110597994e+00
6.6513406962721398e+00
6.7004280814844810e+00
6.7495154666968213e+00
6.7986028519091617e+00
6.8476902371215020e+00
6.8967776223338424e+00
6.9458650075461827e+00
6.9949523927585240e+00
7.0440397779708643e+00
7.0931271631832047e+00
7.1422145483955450e+00
7.1913019336078854e+00
7.2403893188202266e+00
7.2894767040325670e+00
7.3385640892449073e+00
7.3876514744572477e+00
7.4367388596695880e+00
7.4858262448819284e+00
7.5349136300942696e+00
7.5840010153066100e+00
7.6330884005189503e+00
7.6821757857312907e+00
7.7312631709436310e+00
7.7803505561559723e+00
7.8294379413683126e+00
8.9612552221994202e-01
4.2465027927861820e-01
2.8574826594344938e-01
1.5953400194010667e+00
1.6444274046134073e+00
1.6935147898257479e+00
1.7426021750380882e+00
1.7916895602504288e+00
1.8407769454627694e+00
1.8898643306751097e+00
1.9389517158874503e+00
1.9880391010997909e+00
2.0371264863121312e+00
2.0862138715244720e+00
2.1353012567368124e+00
2.1843886419491527e+00
2.2334760271614935e+00
2.2825634123738339e+00
2.3316507975861747e+00
2.3807381827985150e+00
2.4298255680108554e+00
2.4789129532231962e+00
2.5280003384355365e+00
2.5770877236478773e+00
2.6261751088602177e+00
2.6752624940725580e+00
2.7243498792848984e+00
2.7734372644972392e+00
2.8225246497095799e+00
2.8716120349219203e+00
2.9206994201342606e+00
2.9697868053466010e+00
3.0188741905589418e+00
3.0679615757712821e+00
3.1170489609836229e+00
3.1661363461959633e+00
3.2152237314083036e+00
3.2643111166206444e+00
3.3133985018329848e+00
3.3624858870453256e+00
3.4115732722576659e+00
3.4606606574700063e+00
3.5097480426823466e+00
3.5588354278946874e+00
3.6079228131070278e+00
3.6570101983193686e+00
3.7060975835317089e+00
3.7551849687440493e+00
3.8042723539563901e+00
3.8533597391687304e+00
3.9024471243810712e+00
3.9515345095934116e+00
4.0006218948057519e+00
4.0497092800180932e+00
4.0987966652304335e+00
4.1478840504427739e+00
4.1969714356551142e+00
4.2460588208674546e+00
4.2951462060797949e+00
4.3442335912921353e+00
4.3933209765044756e+00
4.4424083617168169e+00
4.4914957469291572e+00
4.5405831321414976e+00
4.5896705173538388e+00
4.6387579025661791e+00
4.6878452877785195e+00
4.7369326729908598e+00
4.7860200582032002e+00
4.8351074434155406e+00
4.8841948286278809e+00
4.9332822138402221e+00
4.9823695990525625e+00
5.0314569842649028e+00
5.0805443694772441e+00
5.1296317546895844e+00
5.1787191399019248e+00
5.2278065251142651e+00
5.2768939103266055e+00
5.3259812955389458e+00
5.3750686807512862e+00
5.4241560659636265e+00
5.4732434511759678e+00
5.5223308363883081e+00
5.5714182216006485e+00
5.6205056068129888e+00
5.6695929920253301e+00
5.7186803772376704e+00
5.7677677624500108e+00
5.8168551476623511e+00
5.8659425328746915e+00
5.9150299180870318e+00
5.9641173032993731e+00
6.0132046885117134e+00
6.0622920737240538e+00
6.1113794589363941e+00
6.1604668441487345e+00
6.2095542293610757e+00
6.2586416145734161e+00
6.3077289997857564e+00
6.3568163849980968e+00
6.4059037702104371e+00
6.4549911554227783e+00
6.5040785406351187e+00
6.5531659258474591e+00
6.6022533110597994e+00
6.6513406962721398e+00
6.7004280814844810e+00
6.7495154666968213e+00
6.7986028519091617e+00
6.8476902371215020e+00
6.8967776223338424e+00
6.9458650075461827e+00
6.9949523927585240e+00
7.0440397779708643e+00
7.0931271631832047e+00
7.1422145483955450e+00
7.1913019336078854e+00
7.2403893188202266e+00
7.2894767040325670e+00
7.3385640892449073e+00
7.3876514744572477e+00
7.4367388596695880e+00
7.4858262448819284e+00
7.5349136300942696e+00
7.5840010153066100e+00
7.6330884005189503e+00
7.6821757857312907e+00
7.7312631709436310e+00
7.7803505561559723e+00
7.8294379413683126e+00
7.0059715165216596e-01
-6.2430463771044753e-01
-8.2711437043831992e-01
1.5953400194010667e+00
1.6444274046134073e+00
1.6935147898257479e+00
1.7426021750380882e+00
1.7916895602504288e+00
1.8407769454627694e+00
1.8898643306751097e+00
1.9389517158874503e+00
1.9880391010997909e+00
2.0371264863121312e+00
2.0862138715244720e+00
2.1353012567368124e+00
2.1843886419491527e+00
2.2334760271614935e+00
2.2825634123738339e+00
2.3316507975861747e+00
2.3807381827985150e+00
2.4298255680108554e+00
2.4789129532231962e+00
2.5280003384355365e+00
2.5770877236478773e+00
2.6261751088602177e+00
2.6752624940725580e+00
2.7243498792848984e+00
2.7734372644972392e+00
2.8225246497095799e+00
2.8716120349219203e+00
2.9206994201342606e+00
2.9697868053466010e+00
3.0188741905589418e+00
3.0679615757712821e+00
3.1170489609836229e+00
3.1661363461959633e+00
3.2152237314083036e+00
3.2643111166206444e+00
3.3133985018329848e+00
3.3624858870453256e+00
3.4115732722576659e+00
3.4606606574700063e+00
3.5097480426823466e+00
3.5588354278946874e+00
3.6079228131070278e+00
3.6570101983193686e+00
3.7060975835317089e+00
3.7551849687440493e+00
3.8042723539563901e+00
3.8533597391687304e+00
3.9024471243810712e+00
3.9515345095934116e+00
4.0006218948057519e+00
4.0497092800180932e+00
4.0987966652304335e+00
4.1478840504427739e+00
4.1969714356551142e+00
4.2460588208674546e+00
4.2951462060797949e+00
4.3442335912921353e+00
4.3933209765044756e+00
4.4424083617168169e+00
4.4914957469291572e+00
4.5405831321414976e+00
4.5896705173538388e+00
4.6387579025661791e+00
4.6878452877785195e+00
4.7369326729908598e+00
4.7860200582032002e+00
4.8351074434155406e+00
4.8841948286278809e+00
4.9332822138402221e+00
4.9823695990525625e+00
5.0314569842649028e+00
5.0805443694772441e+00
5.1296317546895844e+00
5.1787191399019248e+00
5.2278065251142651e+00
5.2768939103266055e+00
5.3259812955389458e+00
5.3750686807512862e+00
5.4241560659636265e+00
5.4732434511759678e+00
5.5223308363883081e+00
5.5714182216006485e+00
5.6205056068129888e+00
5.6695929920253301e+00
5.7186803772376704e+00
5.7677677624500108e+00
5.8168551476623511e+00
5.8659425328746915e+00
5.9150299180870318e+00
5.9641173032993731e+00
6.0132046885117134e+00
6.0622920737240538e+00
6.1113794589363941e+00
6.1604668441487345e+00
6.2095542293610757e+00
6.2586416145734161e+00
6.3077289997857564e+00
6.3568163849980968e+00
6.4059037702104371e+00
6.4549911554227783e+00
6.5040785406351187e+00
6.5531659258474591e+00
6.6022533110597994e+00
6.6513406962721398e+00
6.7004280814844810e+00
6.7495154666968213e+00
6.7986028519091617e+00
6.8476902371215020e+00
6.8967776223338424e+00
6.9458650075461827e+00
6.9949523927585240e+00
7.0440397779708643e+00
7.0931271631832047e+00
7.1422145483955450e+00
7.1913019336078854e+00
7.2403893188202266e+00
7.2894767040325670e+00
7.3385640892449073e+00
7.3876514744572477e+00
7.4367388596695880e+00
7.4858262448819284e+00
7.5349136300942696e+00
7.5840010153066100e+00
7.6330884005189503e+00
7.6821757857312907e+00
7.7312631709436310e+00
7.7803505561559723e+00
7.8294379413683126e+00
9.2513676694720892e-01
4.4128515741064422e-01
-7.2407229299324083e-02
1.5953400194010667e+00
1.6444274046134073e+00
1.6935147898257479e+00
1.7426021750380882e+00
1.7916895602504288e+00
1.8407769454627694e+00
1.8898643306751097e+00
1.9389517158874503e+00
1.9880391010997909e+00
2.0371264863121312e+00
2.0862138715244720e+00
2.1353012567368124e+00
2.1843886419491527e+00
2.2334760271614935e+00
2.2825634123738339e+00
2.3316507975861747e+00
2.3807381827985150e+00
2.4298255680108554e+00
2.4789129532231962e+00
2.5280003384355365e+00
2.5770877236478773e+00
2.6261751088602177e+00
2.6752624940725580e+00
2.7243498792848984e+00
2.7734372644972392e+00
2.8225246497095799e+00
2.8716120349219203e+00
2.9206994201342606e+00
2.9697868053466010e+00
3.0188741905589418e+00
3.0679615757712821e+00
3.1170489609836229e+00
3.1661363461959633e+00
3.2152237314083036e+00
3.2643111166206444e+00
3.3133985018329848e+00
3.3624858870453256e+00
3.4115732722576659e+00
3.4606606574700063e+00
3.5097480426823466e+00
3.5588354278946874e+00
3.6079228131070278e+00
3.6570101983193686e+00
3.7060975835317089e+00
3.7551849687440493e+00
3.8042723539563901e+00
3.8533597391687304e+00
3.9024471243810712e+00
3.9515345095934116e+00
4.0006218948057519e+00
4.0497092800180932e+00
4.0987966652304335e+00
4.1478840504427739e+00
4.1969714356551142e+00
4.2460588208674546e+00
4.2951462060797949e+00
4.3442335912921353e+00
4.3933209765044756e+00
4.4424083617168169e+00
4.4914957469291572e+00
4.5405831321414976e+00
4.5896705173538388e+00
4.6387579025661791e+00
4.6878452877785195e+00
4.7369326729908598e+00
4.7860200582032002e+00
4.8351074434155406e+00
4.8841948286278809e+00
4.9332822138402221e+00
4.9823695990525625e+00
5.0314569842649028e+00
5.0805443694772441e+00
5.1296317546895844e+00
5.1787191399019248e+00
5.2278065251142651e+00
5.2768939103266055e+00
5.3259812955389458e+00
5.3750686807512862e+00
5.4241560659636265e+00
5.4732434511759678e+00
5.5223308363883081e+00
5.5714182216006485e+00
5.6205056068129888e+00
5.6695929920253301e+00
5.7186803772376704e+00
5.7677677624500108e+00
5.8168551476623511e+00
5.8659425328746915e+00
5.9150299180870318e+00
5.9641173032993731e+00
6.0132046885117134e+00
6.0622920737240538e+00
6.1113794589363941e+00
6.1604668441487345e+00
6.2095542293610757e+00
6.2586416145734161e+00
6.3077289997857564e+00
6.3568163849980968e+00
6.4059037702104371e+00
6.4549911554227783e+00
6.5040785406351187e+00
6.5531659258474591e+00
6.6022533110597994e+00
6.6513406962721398e+00
6.7004280814844810e+00
6.7495154666968213e+00
6.7986028519091617e+00
6.8476902371215020e+00
6.8967776223338424e+00
6.9458650075461827e+00
6.9949523927585240e+00
7.0440397779708643e+00
7.0931271631832047e+00
7.1422145483955450e+00
7.1913019336078854e+00
7.2403893188202266e+00
7.2894767040325670e+00
7.3385640892449073e+00
7.3876514744572477e+00
7.4367388596695880e+00
7.4858262448819284e+00
7.5349136300942696e+00
7.5840010153066100e+00
7.6330884005189503e+00
7.6821757857312907e+00
7.7312631709436310e+00
7.7803505561559723e+00
7.8294379413683126e+00
1.0648584311113698e+00
4.9207422125437272e-01
7.6512333207814232e-01
1.5953400194010667e+00
1.6444274046134073e+00
1.6935147898257479e+00
1.7426021750380882e+00
1.7916895602504288e+00
1.8407769454627694e+00
1.8898643306751097e+00
1.9389517158874503e+00
1.9880391010997909e+00
2.0371264863121312e+00
2.0862138715244720e+00
2.1353012567368124e+00
2.1843886419491527e+00
2.2334760271614935e+00
2.2825634123738339e+00
2.3316507975861747e+00
2.3807381827985150e+00
2.4298255680108554e+00
2.4789129532231962e+00
2.5280003384355365e+00
2.5770877236478773e+00
2.6261751088602177e+00
2.6752624940725580e+00
2.7243498792848984e+00
2.7734372644972392e+00
2.8225246497095799e+00
2.8716120349219203e+00
2.9206994201342606e+00
2.9697868053466010e+00
3.0188741905589418e+00
3.0679615757712821e+00
3.1170489609836229e+00
3.1661363461959633e+00
3.2152237314083036e+00
3.2643111166206444e+00
3.3133985018329848e+00
3.3624858870453256e+00
3.4115732722576659e+00
3.4606606574700063e+00
3.5097480426823466e+00
3.5588354278946874e+00
3.6079228131070278e+00
3.6570101983193686e+00
3.7060975835317089e+00
3.7551849687440493e+00
3.8042723539563901e+00
3.8533597391687304e+00
3.9024471243810712e+00
3.9515345095934116e+00
4.0006218948057519e+00
4.0497092800180932e+00
4.0987966652304335e+00
4.1478840504427739e+00
4.1969714356551142e+00
4.2460588208674546e+00
4.2951462060797949e+00
4.3442335912921353e+00
4.3933209765044756e+00
4.4424083617168169e+00
4.4914957469291572e+00
4.5405831321414976e+00
4.5896705173538388e+00
4.6387579025661791e+00
4.6878452877785195e+00
4.7369326729908598e+00
4.7860200582032002e+00
4.8351074434155406e+00
4.8841948286278809e+00
4.9332822138402221e+00
4.9823695990525625e+00
5.0314569842649028e+00
5.0805443694772441e+00
5.1296317546895844e+00
5.1787191399019248e+00
5.2278065251142651e+00
5.2768939103266055e+00
5.3259812955389458e+00
5.3750686807512862e+00
5.4241560659636265e+00
5.4732434511759678e+00
5.5223308363883081e+00
5.5714182216006485e+00
5.6205056068129888e+00
5.6695929920253301e+00
5.7186803772376704e+00
5.7677677624500108e+00
5.8168551476623511e+00
5.8659425328746915e+00
5.9150299180870318e+00
5.9641173032993731e+00
6.0132046885117134e+00
6.0622920737240538e+00
6.1113794589363941e+00
6.1604668441487345e+00
6.2095542293610757e+00
6.2586416145734161e+00
6.3077289997857564e+00
6.3568163849980968e+00
6.4059037702104371e+00
6.4549911554227783e+00
6.5040785406351187e+00
6.5531659258474591e+00
6.6022533110597994e+00
6.6513406962721398e+00
6.7004280814844810e+00
6.7495154666968213e+00
6.7986028519091617e+00
6.8476902371215020e+00
6.8967776223338424e+00
6.9458650075461827e+00
6.9949523927585240e+00
7.0440397779708643e+00
7.0931271631832047e+00
7.1422145483955450e+00
7.1913019336078854e+00
7.2403893188202266e+00
7.2894767040325670e+00
7.3385640892449073e+00
7.3876514744572477e+00
7.4367388596695880e+00
7.4858262448819284e+00
7.5349136300942696e+00
7.5840010153066100e+00
7.6330884005189503e+00
7.6821757857312907e+00
7.7312631709436310e+00
7.7803505561559723e+00
7.8294379413683126e+00
8.9045130928677729e-01
5.7875958120809257e-02
5.8400241235087957e-01
1.5953400194010667e+00
1.6444274046134073e+00
1.6935147898257479e+00
1.7426021750380882e+00
1.7916895602504288e+00
1.8407769454627694e+00
1.8898643306751097e+00
1.9389517158874503e+00
1.9880391010997909e+00
2.0371264863121312e+00
2.0862138715244720e+00
2.1353012567368124e+00
2.1843886419491527e+00
2.2334760271614935e+00
2.2825634123738339e+00
2.3316507975861747e+00
2.3807381827985150e+00
2.4298255680108554e+00
2.4789129532231962e+00
2.5280003384355365e+00
2.5770877236478773e+00
2.6261751088602177e+00
2.6752624940725580e+00
2.7243498792848984e+00
2.7734372644972392e+00
2.8225246497095799e+00
2.8716120349219203e+00
2.9206994201342606e+00
2.9697868053466010e+00
3.0188741905589418e+00
3.0679615757712821e+00
3.1170489609836229e+00
3.1661363461959633e+00
3.2152237314083036e+00
3.2643111166206444e+00
3.3133985018329848e+00
3.3624858870453256e+00
3.4115732722576659e+00
3.4606606574700063e+00
3.5097480426823466e+00
3.5588354278946874e+00
3.6079228131070278e+00
3.6570101983193686e+00
3.7060975835317089e+00
3.7551849687440493e+00
3.8042723539563901e+00
3.8533597391687304e+00
3.9024471243810712e+00
3.9515345095934116e+00
4.0006218948057519e+00
4.0497092800180932e+00
4.0987966652304335e+00
4.1478840504427739e+00
4.1969714356551142e+00
4.2460588208674546e+00
4.2951462060797949e+00
4.3442335912921353e+00
4.3933209765044756e+00
4.4424083617168169e+00
4.4914957469291572e+00
4.5405831321414976e+00
4.5896705173538388e+00
4.6387579025661791e+00
4.6878452877785195e+00
4.7369326729908598e+00
4.7860200582032002e+00
4.8351074434155406e+00
4.8841948286278809e+00
4.9332822138402221e+00
4.9823695990525625e+00
5.0314569842649028e+00
5.0805443694772441e+00
5.1296317546895844e+00
5.1787191399019248e+00
5.2278065251142651e+00
5.2768939103266055e+00
5.3259812955389458e+00
5.3750686807512862e+00
5.4241560659636265e+00
5.4732434511759678e+00
5.5223308363883081e+00
5.5714182216006485e+00
5.6205056068129888e+00
5.6695929920253301e+00
5.7186803772376704e+00
5.7677677624500108e+00
5.8168551476623511e+00
5.8659425328746915e+00
5.9150299180870318e+00
5.9641173032993731e+00
6.0132046885117134e+00
6.0622920737240538e+00
6.1113794589363941e+00
6.1604668441487345e+00
6.2095542293610757e+00
6.2586416145734161e+00
6.3077289997857564e+00
6.3568163849980968e+00
6.4059037702104371e+00
6.4549911554227783e+00
6.5040785406351187e+00
6.5531659258474591e+00
6.6022533110597994e+00
6.6513406962721398e+00
6.7004280814844810e+00
6.7495154666968213e+00
6.7986028519091617e+00
6.8476902371215020e+00
6.8967776223338424e+00
6.9458650075461827e+00
6.9949523927585240e+00
7.0440397779708643e+00
7.0931271631832047e+00
7.1422145483955450e+00
7.1913019336078854e+00
7.2403893188202266e+00
7.2894767040325670e+00
7.3385640892449073e+00
7.3876514744572477e+00
7.4367388596695880e+00
7.4858262448819284e+00
7.5349136300942696e+00
7.5840010153066100e+00
7.6330884005189503e+00
7.6821757857312907e+00
7.7312631709436310e+00
7.7803505561559723e+00
7.8294379413683126e+00
1.0054964102093771e+00
-9.6098059767460775e-02
1.7517040166796782e-02
1.5953400194010667e+00
1.6444274046134073e+00
1.6935147898257479e+00
1.7426021750380882e+00
1.7916895602504288e+00
1.8407769454627694e+00
1.8898643306751097e+00
1.9389517158874503e+00
1.9880391010997909e+00
2.0371264863121312e+00
2.0862138715244720e+00
2.1353012567368124e+00
2.1843886419491527e+00
2.2334760271614935e+00
2.2825634123738339e+00
2.3316507975861747e+00
2.3807381827985150e+00
2.4298255680108554e+00
2.4789129532231962e+00
2.5280003384355365e+00
2.5770877236478773e+00
2.6261751088602177e+00
2.6752624940725580e+00
2.7243498792848984e+00
2.7734372644972392e+00
2.8225246497095799e+00
2.8716120349219203e+00
2.9206994201342606e+00
2.9697868053466010e+00
3.0188741905589418e+00
3.0679615757712821e+00
3.1170489609836229e+00
3.1661363461959633e+00
3.2152237314083036e+00
3.2643111166206444e+00
3.3133985018329848e+00
3.3624858870453256e+00
3.4115732722576659e+00
3.4606606574700063e+00
3.5097480426823466e+00
3.5588354278946874e+00
3.6079228131070278e+00
3.6570101983193686e+00
3.7060975835317089e+00
3.7551849687440493e+00
3.8042723539563901e+00
3.8533597391687304e+00
3.9024471243810712e+00
3.9515345095934116e+00
4.0006218948057519e+00
4.0497092800180932e+00
4.0987966652304335e+00
4.1478840504427739e+00
4.1969714356551142e+00
4.2460588208674546e+00
4.2951462060797949e+00
4.3442335912921353e+00
4.3933209765044756e+00
4.4424083617168169e+00
4.4914957469291572e+00
4.5405831321414976e+00
4.5896705173538388e+00
4.6387579025661791e+00
4.6878452877785195e+00
4.7369326729908598e+00
4.7860200582032002e+00
4.8351074434155406e+00
4.8841948286278809e+00
4.9332822138402221e+00
4.9823695990525625e+00
5.0314569842649028e+00
5.0805443694772441e+00
5.1296317546895844e+00
5.1787191399019248e+00
5.2278065251142651e+00
5.2768939103266055e+00
5.3259812955389458e+00
5.3750686807512862e+00
5.4241560659636265e+00
5.4732434511759678e+00
5.5223308363883081e+00
5.5714182216006485e+00
5.6205056068129888e+00
5.6695929920253301e+00
5.7186803772376704e+00
5.7677677624500108e+00
5.8168551476623511e+00
5.8659425328746915e+00
5.9150299180870318e+00
5.9641173032993731e+00
6.0132046885117134e+00
6.0622920737240538e+00
6.1113794589363941e+00
6.1604668441487345e+00
6.2095542293610757e+00
6.2586416145734161e+00
6.3077289997857564e+00
6.3568163849980968e+00
6.4059037702104371e+00
6.4549911554227783e+00
6.5040785406351187e+00
6.5531659258474591e+00
6.6022533110597994e+00
6.6513406962721398e+00
6.7004280814844810e+00
6.7495154666968213e+00
6.7986028519091617e+00
6.8476902371215020e+00
6.8967776223338424e+00
6.9458650075461827e+00
6.9949523927585240e+00
7.0440397779708643e+00
7.0931271631832047e+00
7.1422145483955450e+00
7.1913019336078854e+00
7.2403893188202266e+00
7.2894767040325670e+00
7.3385640892449073e+00
7.3876514744572477e+00
7.4367388596695880e+00
7.4858262448819284e+00
7.5349136300942696e+00
7.5840010153066100e+00
7.6330884005189503e+00
7.6821757857312907e+00
7.7312631709436310e+00
7.7803505561559723e+00
7.8294379413683126e+00
6.8136384003177297e-01
6.8311614234436435e-02
-6.0010907502447908e-01
1.5953400194010667e+00
1.6444274046134073e+00
1.6935147898257479e+00
1.7426021750380882e+00
1.7916895602504288e+00
1.8407769454627694e+00
1.8898643306751097e+00
1.9389517158874503e+00
1.9880391010997909e+00
2.0371264863121312e+00
2.0862138715244720e+00
2.1353012567368124e+00
2.1843886419491527e+00
2.2334760271614935e+00
2.2825634123738339e+00
2.3316507975861747e+00
2.3807381827985150e+00
2.4298255680108554e+00
2.4789129532231962e+00
2.5280003384355365e+00
2.5770877236478773e+00
2.6261751088602177e+00
2.6752624940725580e+00
2.7243498792848984e+00
2.7734372644972392e+00
2.8225246497095799e+00
2.8716120349219203e+00
2.9206994201342606e+00
2.9697868053466010e+00
3.0188741905589418e+00
3.0679615757712821e+00
3.1170489609836229e+00
3.1661363461959633e+00
3.2152237314083036e+00
3.2643111166206444e+00
3.3133985018329848e+00
3.3624858870453256e+00
3.4115732722576659e+00
3.4606606574700063e+00
3.5097480426823466e+00
3.5588354278946874e+00
3.6079228131070278e+00
3.6570101983193686e+00
3.7060975835317089e+00
3.7551849687440493e+00
3.8042723539563901e+00
3.8533597391687304e+00
3.9024471243810712e+00
3.9515345095934116e+00
4.0006218948057519e+00
4.0497092800180932e+00
4.0987966652304335e+00
4.1478840504427739e+00
4.1969714356551142e+00
4.2460588208674546e+00
4.2951462060797949e+00
4.3442335912921353e+00
4.3933209765044756e+00
4.4424083617168169e+00
4.4914957469291572e+00
4.5405831321414976e+00
4.5896705173538388e+00
4.6387579025661791e+00
4.6878452877785195e+00
4.7369326729908598e+00
4.7860200582032002e+00
4.8351074434155406e+00
4.8841948286278809e+00
4.9332822138402221e+00
4.9823695990525625e+00
5.0314569842649028e+00
5.0805443694772441e+00
5.1296317546895844e+00
5.1787191399019248e+00
5.2278065251142651e+00
5.2768939103266055e+00
5.3259812955389458e+00
5.3750686807512862e+00
5.4241560659636265e+00
5.4732434511759678e+00
5.5223308363883081e+00
5.5714182216006485e+00
5.6205056068129888e+00
5.6695929920253301e+00
5.7186803772376704e+00
5.7677677624500108e+00
5.8168551476623511e+00
5.8659425328746915e+00
5.9150299180870318e+00
5.9641173032993731e+00
6.0132046885117134e+00
6.0622920737240538e+00
6.1113794589363941e+00
6.1604668441487345e+00
6.2095542293610757e+00
6.2586416145734161e+00
6.3077289997857564e+00
6.3568163849980968e+00
6.4059037702104371e+00
6.4549911554227783e+00
6.5040785406351187e+00
6.5531659258474591e+00
6.6022533110597994e+00
6.6513406962721398e+00
6.7004280814844810e+00
6.7495154666968213e+00
6.7986028519091617e+00
6.8476902371215020e+00
6.8967776223338424e+00
6.9458650075461827e+00
6.9949523927585240e+00
7.0440397779708643e+00
7.0931271631832047e+00
7.1422145483955450e+00
7.1913019336078854e+00
7.2403893188202266e+00
7.2894767040325670e+00
7.3385640892449073e+00
7.3876514744572477e+00
7.4367388596695880e+00
7.4858262448819284e+00
7.5349136300942696e+00
7.5840010153066100e+00
7.6330884005189503e+00
7.6821757857312907e+00
7.7312631709436310e+00
7.7803505561559723e+00
7.8294379413683126e+00
1.1021483478321590e+00
6.1752812824497760e-01
-5.6854801146403267e-01
1.5953400194010667e+00
1.6444274046134073e+00
1.6935147898257479e+00
1.7426021750380882e+00
1.7916895602504288e+00
1.8407769454627694e+00
1.8898643306751097e+00
1.9389517158874503e+00
1.9880391010997909e+00
2.0371264863121312e+00
2.0862138715244720e+00
2.1353012567368124e+00
2.1843886419491527e+00
2.2334760271614935e+00
2.2825634123738339e+00
2.3316507975861747e+00
2.3807381827985150e+00
2.4298255680108554e+00
2.4789129532231962e+00
2.5280003384355365e+00
2.5770877236478773e+00
2.6261751088602177e+00
2.6752624940725580e+00
2.7243498792848984e+00
2.7734372644972392e+00
2.8225246497095799e+00
2.8716120349219203e+00
2.9206994201342606e+00
2.9697868053466010e+00
3.0188741905589418e+00
3.0679615757712821e+00
3.1170489609836229e+00
3.1661363461959633e+00
3.2152237314083036e+00
3.2643111166206444e+00
3.3133985018329848e+00
3.3624858870453256e+00
3.4115732722576659e+00
3.4606606574700063e+00
3.5097480426823466e+00
3.5588354278946874e+00
3.6079228131070278e+00
3.6570101983193686e+00
3.7060975835317089e+00
3.7551849687440493e+00
3.8042723539563901e+00
3.8533597391687304e+00
3.9024471243810712e+00
3.9515345095934116e+00
4.0006218948057519e+00
4.0497092800180932e+00
4.0987966652304335e+00
4.1478840504427739e+00
4.1969714356551142e+00
4.2460588208674546e+00
4.2951462060797949e+00
4.3442335912921353e+00
4.3933209765044756e+00
4.4424083617168169e+00
4.4914957469291572e+00
4.5405831321414976e+00
4.5896705173538388e+00
4.6387579025661791e+00
4.6878452877785195e+00
4.7369326729908598e+00
4.7860200582032002e+00
4.8351074434155406e+00
4.8841948286278809e+00
4.9332822138402221e+00
4.9823695990525625e+00
5.0314569842649028e+00
5.0805443694772441e+00
5.1296317546895844e+00
5.1787191399019248e+00
5.2278065251142651e+00
5.2768939103266055e+00
5.3259812955389458e+00
5.3750686807512862e+00
5.4241560659636265e+00
5.4732434511759678e+00
5.5223308363883081e+00
5.5714182216006485e+00
5.6205056068129888e+00
5.6695929920253301e+00
5.7186803772376704e+00
5.7677677624500108e+00
5.8168551476623511e+00
5.8659425328746915e+00
5.9150299180870318e+00
5.9641173032993731e+00
6.0132046885117134e+00
6.0622920737240538e+00
6.1113794589363941e+00
6.1604668441487345e+00
6.2095542293610757e+00
6.2586416145734161e+00
6.3077289997857564e+00
6.3568163849980968e+00
6.4059037702104371e+00
6.4549911554227783e+00
6.5040785406351187e+00
6.5531659258474591e+00
6.6022533110597994e+00
6.6513406962721398e+00
6.7004280814844810e+00
6.7495154666968213e+00
6.7986028519091617e+00
6.8476902371215020e+00
6.8967776223338424e+00
6.9458650075461827e+00
6.9949523927585240e+00
7.0440397779708643e+00
7.0931271631832047e+00
7.1422145483955450e+00
7.1913019336078854e+00
7.2403893188202266e+00
7.2894767040325670e+00
7.3385640892449073e+00
7.3876514744572477e+00
7.4367388596695880e+00
7.4858262448819284e+00
7.5349136300942696e+00
7.5840010153066100e+00
7.6330884005189503e+00
7.6821757857312907e+00
7.7312631709436310e+00
7.7803505561559723e+00
7.8294379413683126e+00
6.2891000505197503e-01
-4.5821565619019622e-01
-1.3039991257784567e-01
1.5953400194010667e+00
1.6444274046134073e+00
1.6935147898257479e+00
1.7426021750380882e+00
1.7916895602504288e+00
1.8407769454627694e+00
1.8898643306751097e+00
1.9389517158874503e+00
1.9880391010997909e+00
2.0371264863121312e+00
2.0862138715244720e+00
2.1353012567368124e+00
2.1843886419491527e+00
2.2334760271614935e+00
2.2825634123738339e+00
2.3316507975861747e+00
2.3807381827985150e+00
2.4298255680108554e+00
2.4789129532231962e+00
2.5280003384355365e+00
2.5770877236478773e+00
2.6261751088602177e+00
2.6752624940725580e+00
2.7243498792848984e+00
2.7734372644972392e+00
2.8225246497095799e+00
2.8716120349219203e+00
2.9206994201342606e+00
2.9697868053466010e+00
3.0188741905589418e+00
3.0679615757712821e+00
3.1170489609836229e+00
3.1661363461959633e+00
3.2152237314083036e+00
3.2643111166206444e+00
3.3133985018329848e+00
3.3624858870453256e+00
3.4115732722576659e+00
3.4606606574700063e+00
3.5097480426823466e+00
3.5588354278946874e+00
3.6079228131070278e+00
3.6570101983193686e+00
3.7060975835317089e+00
3.7551849687440493e+00
3.8042723539563901e+00
3.8533597391687304e+00
3.9024471243810712e+00
3.9515345095934116e+00
4.0006218948057519e+00
4.0497092800180932e+00
4.0987966652304335e+00
4.1478840504427739e+00
4.1969714356551142e+00
4.2460588208674546e+00
4.2951462060797949e+00
4.3442335912921353e+00
4.3933209765044756e+00
4.4424083617168169e+00
4.4914957469291572e+00
4.5405831321414976e+00
4.5896705173538388e+00
4.6387579025661791e+00
4.6878452877785195e+00
4.7369326729908598e+00
4.7860200582032002e+00
4.8351074434155406e+00
4.8841948286278809e+00
4.9332822138402221e+00
4.9823695990525625e+00
5.0314569842649028e+00
5.0805443694772441e+00
5.1296317546895844e+00
5.1787191399019248e+00
5.2278065251142651e+00
5.2768939103266055e+00
5.3259812955389458e+00
5.3750686807512862e+00
5.4241560659636265e+00
5.4732434511759678e+00
5.5223308363883081e+00
5.5714182216006485e+00
5.6205056068129888e+00
5.6695929920253301e+00
5.7186803772376704e+00
5.7677677624500108e+00
5.8168551476623511e+00
5.8659425328746915e+00
5.9150299180870318e+00
5.9641173032993731e+00
6.0132046885117134e+00
6.0622920737240538e+00
6.1113794589363941e+00
6.1604668441487345e+00
6.2095542293610757e+00
6.2586416145734161e+00
6.3077289997857564e+00
6.3568163849980968e+00
6.4059037702104371e+00
6.4549911554227783e+00
6.5040785406351187e+00
6.5531659258474591e+00
6.6022533110597994e+00
6.6513406962721398e+00
6.7004280814844810e+00
6.7495154666968213e+00
6.7986028519091617e+00
6.8476902371215020e+00
6.8967776223338424e+00
6.9458650075461827e+00
6.9949523927585240e+00
7.0440397779708643e+00
7.0931271631832047e+00
7.1422145483955450e+00
7.1913019336078854e+00
7.2403893188202266e+00
7.2894767040325670e+00
7.3385640892449073e+00
7.3876514744572477e+00
7.4367388596695880e+00
7.4858262448819284e+00
7.5349136300942696e+00
7.5840010153066100e+00
7.6330884005189503e+00
7.6821757857312907e+00
7.7312631709436310e+00
7.7803505561559723e+00
7.8294379413683126e+00
6.9388798303888677e-01
-1.6231266349971785e-01
-6.9084424928181409e-01
1.5953400194010667e+00
1.6444274046134073e+00
1.6935147898257479e+00
1.7426021750380882e+00
1.7916895602504288e+00
1.8407769454627694e+00
1.8898643306751097e+00
1.9389517158874503e+00
1.9880391010997909e+00
2.0371264863121312e+00
2.0862138715244720e+00
2.1353012567368124e+00
2.1843886419491527e+00
2.2334760271614935e+00
2.2825634123738339e+00
2.3316507975861747e+00
2.3807381827985150e+00
2.4298255680108554e+00
2.4789129532231962e+00
2.5280003384355365e+00
2.5770877236478773e+00
2.6261751088602177e+00
2.6752624940725580e+00
2.7243498792848984e+00
2.7734372644972392e+00
2.8225246497095799e+00
2.8716120349219203e+00
2.9206994201342606e+00
2.9697868053466010e+00
3.0188741905589418e+00
3.0679615757712821e+00
3.1170489609836229e+00
3.1661363461959633e+00
3.2152237314083036e+00
3.2643111166206444e+00
3.3133985018329848e+00
3.3624858870453256e+00
3.4115732722576659e+00
3.4606606574700063e+00
3.5097480426823466e+00
3.5588354278946874e+00
3.6079228131070278e+00
3.6570101983193686e+00
3.7060975835317089e+00
3.7551849687440493e+00
3.8042723539563901e+00
3.8533597391687304e+00
3.9024471243810712e+00
3.9515345095934116e+00
4.0006218948057519e+00
4.0497092800180932e+00
4.0987966652304335e+00
4.1478840504427739e+00
4.1969714356551142e+00
4.2460588208674546e+00
4.2951462060797949e+00
4.3442335912921353e+00
4.3933209765044756e+00
4.4424083617168169e+00
4.4914957469291572e+00
4.5405831321414976e+00
4.5896705173538388e+00
4.6387579025661791e+00
4.6878452877785195e+00
4.7369326729908598e+00
4.7860200582032002e+00
4.8351074434155406e+00
4.8841948286278809e+00
4.9332822138402221e+00
4.9823695990525625e+00
5.0314569842649028e+00
5.0805443694772441e+00
5.1296317546895844e+00
5.1787191399019248e+00
5.2278065251142651e+00
5.2768939103266055e+00
5.3259812955389458e+00
5.3750686807512862e+00
5.4241560659636265e+00
5.4732434511759678e+00
5.5223308363883081e+00
5.5714182216006485e+00
5.6205056068129888e+00
5.6695929920253301e+00
5.7186803772376704e+00
5.7677677624500108e+00
5.8168551476623511e+00
5.8659425328746915e+00
5.9150299180870318e+00
5.9641173032993731e+00
6.0132046885117134e+00
6.0622920737240538e+00
6.1113794589363941e+00
6.1604668441487345e+00
6.2095542293610757e+00
6.2586416145734161e+00
6.3077289997857564e+00
6.3568163849980968e+00
6.4059037702104371e+00
6.4549911554227783e+00
6.5040785406351187e+00
6.5531659258474591e+00
6.6022533110597994e+00
6.6513406962721398e+00
6.7004280814844810e+00
6.7495154666968213e+00
6.7986028519091617e+00
6.8476902371215020e+00
6.8967776223338424e+00
6.9458650075461827e+00
6.9949523927585240e+00
7.0440397779708643e+00
7.0931271631832047e+00
7.1422145483955450e+00
7.1913019336078854e+00
7.2403893188202266e+00
7.2894767040325670e+00
7.3385640892449073e+00
7.3876514744572477e+00
7.4367388596695880e+00
7.4858262448819284e+00
7.5349136300942696e+00
7.5840010153066100e+00
7.6330884005189503e+00
7.6821757857312907e+00
7.7312631709436310e+00
7.7803505561559723e+00
7.8294379413683126e+00
6.9123910772237618e-01
8.1567384293566314e-01
-6.0227196279105444e-02
1.5953400194010667e+00
1.6444274046134073e+00
1.6935147898257479e+00
1.7426021750380882e+00
1.7916895602504288e+00
1.8407769454627694e+00
1.8898643306751097e+00
1.9389517158874503e+00
1.9880391010997909e+00
2.0371264863121312e+00
2.0862138715244720e+00
2.1353012567368124e+00
2.1843886419491527e+00
2.2334760271614935e+00
2.2825634123738339e+00
2.3316507975861747e+00
2.3807381827985150e+00
2.4298255680108554e+00
2.4789129532231962e+00
2.5280003384355365e+00
2.5770877236478773e+00
2.6261751088602177e+00
2.6752624940725580e+00
2.7243498792848984e+00
2.7734372644972392e+00
2.8225246497095799e+00
2.8716120349219203e+00
2.9206994201342606e+00
2.9697868053466010e+00
3.0188741905589418e+00
3.0679615757712821e+00
3.1170489609836229e+00
3.1661363461959633e+00
3.2152237314083036e+00
3.2643111166206444e+00
3.3133985018329848e+00
3.3624858870453256e+00
3.4115732722576659e+00
3.4606606574700063e+00
3.5097480426823466e+00
3.5588354278946874e+00
3.6079228131070278e+00
3.6570101983193686e+00
3.7060975835317089e+00
3.7551849687440493e+00
3.8042723539563901e+00
3.8533597391687304e+00
3.9024471243810712e+00
3.9515345095934116e+00
4.0006218948057519e+00
4.0497092800180932e+00
4.0987966652304335e+00
4.1478840504427739e+00
4.1969714356551142e+00
4.2460588208674546e+00
4.2951462060797949e+00
4.3442335912921353e+00
4.3933209765044756e+00
4.4424083617168169e+00
4.4914957469291572e+00
4.5405831321414976e+00
4.5896705173538388e+00
4.6387579025661791e+00
4.6878452877785195e+00
4.7369326729908598e+00
4.7860200582032002e+00
4.8351074434155406e+00
4.8841948286278809e+00
4.9332822138402221e+00
4.9823695990525625e+00
5.0314569842649028e+00
5.0805443694772441e+00
5.1296317546895844e+00
5.1787191399019248e+00
5.2278065251142651e+00
5.2768939103266055e+00
5.3259812955389458e+00
5.3750686807512862e+00
5.4241560659636265e+00
5.4732434511759678e+00
5.5223308363883081e+00
5.5714182216006485e+00
5.6205056068129888e+00
5.6695929920253301e+00
5.7186803772376704e+00
5.7677677624500108e+00
5.8168551476623511e+00
5.8659425328746915e+00
5.9150299180870318e+00
5.9641173032993731e+00
6.0132046885117134e+00
6.0622920737240538e+00
6.1113794589363941e+00
6.1604668441487345e+00
6.2095542293610757e+00
6.2586416145734161e+00
6.3077289997857564e+00
6.3568163849980968e+00
6.4059037702104371e+00
6.4549911554227783e+00
6.5040785406351187e+00
6.5531659258474591e+00
6.6022533110597994e+00
6.6513406962721398e+00
6.7004280814844810e+00
6.7495154666968213e+00
6.7986028519091617e+00
6.8476902371215020e+00
6.8967776223338424e+00
6.9458650075461827e+00
6.9949523927585240e+00
7.0440397779708643e+00
7.0931271631832047e+00
7.1422145483955450e+00
7.1913019336078854e+00
7.2403893188202266e+00
7.2894767040325670e+00
7.3385640892449073e+00
7.3876514744572477e+00
7.4367388596695880e+00
7.4858262448819284e+00
7.5349136300942696e+00
7.5840010153066100e+00
7.6330884005189503e+00
7.6821757857312907e+00
7.7312631709436310e+00
7.7803505561559723e+00
7.8294379413683126e+00
7.6927410747171210e-01
7.4911757117428235e-01
2.9630318644819709e-01
1.5953400194010667e+00
1.6444274046134073e+00
1.6935147898257479e+00
1.7426021750380882e+00
1.7916895602504288e+00
1.8407769454627694e+00
1.8898643306751097e+00
1.9389517158874503e+00
1.9880391010997909e+00
2.0371264863121312e+00
2.0862138715244720e+00
2.1353012567368124e+00
2.1843886419491527e+00
2.2334760271614935e+00
2.2825634123738339e+00
2.3316507975861747e+00
2.3807381827985150e+00
2.4298255680108554e+00
2.4789129532231962e+00
2.5280003384355365e+00
2.5770877236478773e+00
2.6261751088602177e+00
2.6752624940725580e+00
2.7243498792848984e+00
2.7734372644972392e+00
2.8225246497095799e+00
2.8716120349219203e+00
2.9206994201342606e+00
2.9697868053466010e+00
3.0188741905589418e+00
3.0679615757712821e+00
3.1170489609836229e+00
3.1661363461959633e+00
3.2152237314083036e+00
3.2643111166206444e+00
3.3133985018329848e+00
3.3624858870453256e+00
3.4115732722576659e+00
3.4606606574700063e+00
3.5097480426823466e+00
3.5588354278946874e+00
3.6079228131070278e+00
3.6570101983193686e+00
3.7060975835317089e+00
3.7551849687440493e+00
3.8042723539563901e+00
3.8533597391687304e+00
3.9024471243810712e+00
3.9515345095934116e+00
4.0006218948057519e+00
4.0497092800180932e+00
4.0987966652304335e+00
4.1478840504427739e+00
4.1969714356551142e+00
4.2460588208674546e+00
4.2951462060797949e+00
4.3442335912921353e+00
4.3933209765044756e+00
4.4424083617168169e+00
4.4914957469291572e+00
4.5405831321414976e+00
4.5896705173538388e+00
4.6387579025661791e+00
4.6878452877785195e+00
4.7369326729908598e+00
4.7860200582032002e+00
4.8351074434155406e+00
4.8841948286278809e+00
4.9332822138402221e+00
4.9823695990525625e+00
5.0314569842649028e+00
5.0805443694772441e+00
5.1296317546895844e+00
5.1787191399019248e+00
5.2278065251142651e+00
5.2768939103266055e+00
5.3259812955389458e+00
5.3750686807512862e+00
5.4241560659636265e+00
5.4732434511759678e+00
5.5223308363883081e+00
5.5714182216006485e+00
5.6205056068129888e+00
5.6695929920253301e+00
5.7186803772376704e+00
5.7677677624500108e+00
5.8168551476623511e+00
5.8659425328746915e+00
5.9150299180870318e+00
5.9641173032993731e+00
6.0132046885117134e+00
6.0622920737240538e+00
6.1113794589363941e+00
6.1604668441487345e+00
6.2095542293610757e+00
6.2586416145734161e+00
6.3077289997857564e+00
6.3568163849980968e+00
6.4059037702104371e+00
6.4549911554227783e+00
6.5040785406351187e+00
6.5531659258474591e+00
6.6022533110597994e+00
6.6513406962721398e+00
6.7004280814844810e+00
6.7495154666968213e+00
6.7986028519091617e+00
6.8476902371215020e+00
6.8967776223338424e+00
6.9458650075461827e+00
6.9949523927585240e+00
7.0440397779708643e+00
7.0931271631832047e+00
7.1422145483955450e+00
7.1913019336078854e+00
7.2403893188202266e+00
7.2894767040325670e+00
7.3385640892449073e+00
7.3876514744572477e+00
7.4367388596695880e+00
7.4858262448819284e+00
7.5349136300942696e+00
7.5840010153066100e+00
7.6330884005189503e+00
7.6821757857312907e+00
7.7312631709436310e+00
7.7803505561559723e+00
7.8294379413683126e+00
1.0189592263464009e+00
1.3493787164328341e-01
-2.6565874665298805e-01
1.5953400194010667e+00
1.6444274046134073e+00
1.6935147898257479e+00
1.7426021750380882e+00
1.7916895602504288e+00
1.8407769454627694e+00
1.8898643306751097e+00
1.9389517158874503e+00
1.9880391010997909e+00
2.0371264863121312e+00
2.0862138715244720e+00
2.1353012567368124e+00
2.1843886419491527e+00
2.2334760271614935e+00
2.2825634123738339e+00
2.3316507975861747e+00
2.3807381827985150e+00
2.4298255680108554e+00
2.4789129532231962e+00
2.5280003384355365e+00
2.5770877236478773e+00
2.6261751088602177e+00
2.6752624940725580e+00
2.7243498792848984e+00
2.7734372644972392e+00
2.8225246497095799e+00
2.8716120349219203e+00
2.9206994201342606e+00
2.9697868053466010e+00
3.0188741905589418e+00
3.0679615757712821e+00
3.1170489609836229e+00
3.1661363461959633e+00
3.2152237314083036e+00
3.2643111166206444e+00
3.3133985018329848e+00
3.3624858870453256e+00
3.4115732722576659e+00
3.4606606574700063e+00
3.5097480426823466e+00
3.5588354278946874e+00
3.6079228131070278e+00
3.6570101983193686e+00
3.7060975835317089e+00
3.7551849687440493e+00
3.8042723539563901e+00
3.8533597391687304e+00
3.9024471243810712e+00
3.9515345095934116e+00
4.0006218948057519e+00
4.0497092800180932e+00
4.0987966652304335e+00
4.1478840504427739e+00
4.1969714356551142e+00
4.2460588208674546e+00
4.2951462060797949e+00
4.3442335912921353e+00
4.3933209765044756e+00
4.4424083617168169e+00
4.4914957469291572e+00
4.5405831321414976e+00
4.5896705173538388e+00
4.6387579025661791e+00
4.6878452877785195e+00
4.7369326729908598e+00
4.7860200582032002e+00
4.8351074434155406e+00
4.8841948286278809e+00
4.9332822138402221e+00
4.9823695990525625e+00
5.0314569842649028e+00
5.0805443694772441e+00
5.1296317546895844e+00
5.1787191399019248e+00
5.2278065251142651e+00
5.2768939103266055e+00
5.3259812955389458e+00
5.3750686807512862e+00
5.4241560659636265e+00
5.4732434511759678e+00
5.5223308363883081e+00
5.5714182216006485e+00
5.6205056068129888e+00
5.6695929920253301e+00
5.7186803772376704e+00
5.7677677624500108e+00
5.8168551476623511e+00
5.8659425328746915e+00
5.9150299180870318e+00
5.9641173032993731e+00
6.0132046885117134e+00
6.0622920737240538e+00
6.1113794589363941e+00
6.1604668441487345e+00
6.2095542293610757e+00
6.2586416145734161e+00
6.3077289997857564e+00
6.3568163849980968e+00
6.4059037702104371e+00
6.4549911554227783e+00
6.5040785406351187e+00
6.5531659258474591e+00
6.6022533110597994e+00
6.6513406962721398e+00
6.7004280814844810e+00
6.7495154666968213e+00
6.7986028519091617e+00
6.8476902371215020e+00
6.8967776223338424e+00
6.9458650075461827e+00
6.9949523927585240e+00
7.0440397779708643e+00
7.0931271631832047e+00
7.1422145483955450e+00
7.1913019336078854e+00
7.2403893188202266e+00
7.2894767040325670e+00
7.3385640892449073e+00
7.3876514744572477e+00
7.4367388596695880e+00
7.4858262448819284e+00
7.5349136300942696e+00
7.5840010153066100e+00
7.6330884005189503e+00
7.6821757857312907e+00
7.7312631709436310e+00
7.7803505561559723e+00
7.8294379413683126e+00
7.6020080972511583e-01
-1.8923066213824447e-01
-3.1140705337957897e-01
1.5953400194010667e+00
1.6444274046134073e+00
1.6935147898257479e+00
1.7426021750380882e+00
1.7916895602504288e+00
1.8407769454627694e+00
1.8898643306751097e+00
1.9389517158874503e+00
1.9880391010997909e+00
2.0371264863121312e+00
2.0862138715244720e+00
2.1353012567368124e+00
2.1843886419491527e+00
2.2334760271614935e+00
2.2825634123738339e+00
2.3316507975861747e+00
2.3807381827985150e+00
2.4298255680108554e+00
2.4789129532231962e+00
2.5280003384355365e+00
2.5770877236478773e+00
2.6261751088602177e+00
2.6752624940725580e+00
2.7243498792848984e+00
2.7734372644972392e+00
2.8225246497095799e+00
2.8716120349219203e+00
2.9206994201342606e+00
2.9697868053466010e+00
3.0188741905589418e+00
3.0679615757712821e+00
3.1170489609836229e+00
3.1661363461959633e+00
3.2152237314083036e+00
3.2643111166206444e+00
3.3133985018329848e+00
3.3624858870453256e+00
3.4115732722576659e+00
3.4606606574700063e+00
3.5097480426823466e+00
3.5588354278946874e+00
3.6079228131070278e+00
3.6570101983193686e+00
3.7060975835317089e+00
3.7551849687440493e+00
3.8042723539563901e+00
3.8533597391687304e+00
3.9024471243810712e+00
3.9515345095934116e+00
4.0006218948057519e+00
4.0497092800180932e+00
4.0987966652304335e+00
4.1478840504427739e+00
4.1969714356551142e+00
4.2460588208674546e+00
4.2951462060797949e+00
4.3442335912921353e+00
4.3933209765044756e+00
4.4424083617168169e+00
4.4914957469291572e+00
4.5405831321414976e+00
4.5896705173538388e+00
4.6387579025661791e+00
4.6878452877785195e+00
4.7369326729908598e+00
4.7860200582032002e+00
4.8351074434155406e+00
4.8841948286278809e+00
4.9332822138402221e+00
4.9823695990525625e+00
5.0314569842649028e+00
5.0805443694772441e+00
5.1296317546895844e+00
5.1787191399019248e+00
5.2278065251142651e+00
5.2768939103266055e+00
5.3259812955389458e+00
5.3750686807512862e+00
5.4241560659636265e+00
5.4732434511759678e+00
5.5223308363883081e+00
5.5714182216006485e+00
5.6205056068129888e+00
5.6695929920253301e+00
5.7186803772376704e+00
5.7677677624500108e+00
5.8168551476623511e+00
5.8659425328746915e+00
5.9150299180870318e+00
5.9641173032993731e+00
6.0132046885117134e+00
6.0622920737240538e+00
6.1113794589363941e+00
6.1604668441487345e+00
6.2095542293610757e+00
6.2586416145734161e+00
6.3077289997857564e+00
6.3568163849980968e+00
6.4059037702104371e+00
6.4549911554227783e+00
6.5040785406351187e+00
6.5531659258474591e+00
6.6022533110597994e+00
6.6513406962721398e+00
6.7004280814844810e+00
6.7495154666968213e+00
6.7986028519091617e+00
6.8476902371215020e+00
6.8967776223338424e+00
6.9458650075461827e+00
6.9949523927585240e+00
7.0440397779708643e+00
7.0931271631832047e+00
7.1422145483955450e+00
7.1913019336078854e+00
7.2403893188202266e+00
7.2894767040325670e+00
7.3385640892449073e+00
7.3876514744572477e+00
7.4367388596695880e+00
7.4858262448819284e+00
7.5349136300942696e+00
7.5840010153066100e+00
7.6330884005189503e+00
7.6821757857312907e+00
7.7312631709436310e+00
7.7803505561559723e+00
7.8294379413683126e+00
6.6545846235817518e-01
-6.9398183928236512e-01
-1.4458074928877829e-01
1.5953400194010667e+00
1.6444274046134073e+00
1.6935147898257479e+00
1.7426021750380882e+00
1.7916895602504288e+00
1.8407769454627694e+00
1.8898643306751097e+00
1.9389517158874503e+00
1.9880391010997909e+00
2.0371264863121312e+00
2.0862138715244720e+00
2.1353012567368124e+00
2.1843886419491527e+00
2.2334760271614935e+00
2.2825634123738339e+00
2.3316507975861747e+00
2.3807381827985150e+00
2.4298255680108554e+00
2.4789129532231962e+00
2.5280003384355365e+00
2.5770877236478773e+00
2.6261751088602177e+00
2.6752624940725580e+00
2.7243498792848984e+00
2.7734372644972392e+00
2.8225246497095799e+00
2.8716120349219203e+00
2.9206994201342606e+00
2.9697868053466010e+00
3.0188741905589418e+00
3.0679615757712821e+00
3.1170489609836229e+00
3.1661363461959633e+00
3.2152237314083036e+00
3.2643111166206444e+00
3.3133985018329848e+00
3.3624858870453256e+00
3.4115732722576659e+00
3.4606606574700063e+00
3.5097480426823466e+00
3.5588354278946874e+00
3.6079228131070278e+00
3.6570101983193686e+00
3.7060975835317089e+00
3.7551849687440493e+00
3.8042723539563901e+00
3.8533597391687304e+00
3.9024471243810712e+00
3.9515345095934116e+00
4.0006218948057519e+00
4.0497092800180932e+00
4.0987966652304335e+00
4.1478840504427739e+00
4.1969714356551142e+00
4.2460588208674546e+00
4.2951462060797949e+00
4.3442335912921353e+00
4.3933209765044756e+00
4.4424083617168169e+00
4.4914957469291572e+00
4.5405831321414976e+00
4.5896705173538388e+00
4.6387579025661791e+00
4.6878452877785195e+00
4.7369326729908598e+00
4.7860200582032002e+00
4.8351074434155406e+00
4.8841948286278809e+00
4.9332822138402221e+00
4.9823695990525625e+00
5.0314569842649028e+00
5.0805443694772441e+00
5.1296317546895844e+00
5.1787191399019248e+00
5.2278065251142651e+00
5.2768939103266055e+00
5.3259812955389458e+00
5.3750686807512862e+00
5.4241560659636265e+00
5.4732434511759678e+00
5.5223308363883081e+00
5.5714182216006485e+00
5.6205056068129888e+00
5.6695929920253301e+00
5.7186803772376704e+00
5.7677677624500108e+00
5.8168551476623511e+00
5.8659425328746915e+00
5.9150299180870318e+00
5.9641173032993731e+00
6.0132046885117134e+00
6.0622920737240538e+00
6.1113794589363941e+00
6.1604668441487345e+00
6.2095542293610757e+00
6.2586416145734161e+00
6.3077289997857564e+00
6.3568163849980968e+00
6.4059037702104371e+00
6.4549911554227783e+00
6.5040785406351187e+00
6.5531659258474591e+00
6.6022533110597994e+00
6.6513406962721398e+00
6.7004280814844810e+00
6.7495154666968213e+00
6.7986028519091617e+00
6.8476902371215020e+00
6.8967776223338424e+00
6.9458650075461827e+00
6.9949523927585240e+00
7.0440397779708643e+00
7.0931271631832047e+00
7.1422145483955450e+00
7.1913019336078854e+00
7.2403893188202266e+00
7.2894767040325670e+00
7.3385640892449073e+00
7.3876514744572477e+00
7.4367388596695880e+00
7.4858262448819284e+00
7.5349136300942696e+00
7.5840010153066100e+00
7.6330884005189503e+00
7.6821757857312907e+00
7.7312631709436310e+00
7.7803505561559723e+00
7.8294379413683126e+00
7.6253787689446861e-01
-6.9697352004335889e-01
7.4323733034684891e-01
1.5953400194010667e+00
1.6444274046134073e+00
1.6935147898257479e+00
1.7426021750380882e+00
1.7916895602504288e+00
1.8407769454627694e+00
1.8898643306751097e+00
1.9389517158874503e+00
1.9880391010997909e+00
2.0371264863121312e+00
2.0862138715244720e+00
2.1353012567368124e+00
2.1843886419491527e+00
2.2334760271614935e+00
2.2825634123738339e+00
2.3316507975861747e+00
2.3807381827985150e+00
2.4298255680108554e+00
2.4789129532231962e+00
2.5280003384355365e+00
2.5770877236478773e+00
2.6261751088602177e+00
2.6752624940725580e+00
2.7243498792848984e+00
2.7734372644972392e+00
2.8225246497095799e+00
2.8716120349219203e+00
2.9206994201342606e+00
2.9697868053466010e+00
3.0188741905589418e+00
3.0679615757712821e+00
3.1170489609836229e+00
3.1661363461959633e+00
3.2152237314083036e+00
3.2643111166206444e+00
3.3133985018329848e+00
3.3624858870453256e+00
3.4115732722576659e+00
3.4606606574700063e+00
3.5097480426823466e+00
3.5588354278946874e+00
3.6079228131070278e+00
3.6570101983193686e+00
3.7060975835317089e+00
3.7551849687440493e+00
3.8042723539563901e+00
3.8533597391687304e+00
3.9024471243810712e+00
3.9515345095934116e+00
4.0006218948057519e+00
4.0497092800180932e+00
4.0987966652304335e+00
4.1478840504427739e+00
4.1969714356551142e+00
4.2460588208674546e+00
4.2951462060797949e+00
4.3442335912921353e+00
4.3933209765044756e+00
4.4424083617168169e+00
4.4914957469291572e+00
4.5405831321414976e+00
4.5896705173538388e+00
4.6387579025661791e+00
4.6878452877785195e+00
4.7369326729908598e+00
4.7860200582032002e+00
4.8351074434155406e+00
4.8841948286278809e+00
4.9332822138402221e+00
4.9823695990525625e+00
5.0314569842649028e+00
5.0805443694772441e+00
5.1296317546895844e+00
5.1787191399019248e+00
5.2278065251142651e+00
5.2768939103266055e+00
5.3259812955389458e+00
5.3750686807512862e+00
5.4241560659636265e+00
5.4732434511759678e+00
5.5223308363883081e+00
5.5714182216006485e+00
5.6205056068129888e+00
5.6695929920253301e+00
5.7186803772376704e+00
5.7677677624500108e+00
5.8168551476623511e+00
5.8659425328746915e+00
5.9150299180870318e+00
5.9641173032993731e+00
6.0132046885117134e+00
6.0622920737240538e+00
6.1113794589363941e+00
6.1604668441487345e+00
6.2095542293610757e+00
6.2586416145734161e+00
6.3077289997857564e+00
6.3568163849980968e+00
6.4059037702104371e+00
6.4549911554227783e+00
6.5040785406351187e+00
6.5531659258474591e+00
6.6022533110597994e+00
6.6513406962721398e+00
6.7004280814844810e+00
6.7495154666968213e+00
6.7986028519091617e+00
6.8476902371215020e+00
6.8967776223338424e+00
6.9458650075461827e+00
6.9949523927585240e+00
7.0440397779708643e+00
7.0931271631832047e+00
7.1422145483955450e+00
7.1913019336078854e+00
7.2403893188202266e+00
7.2894767040325670e+00
7.3385640892449073e+00
7.3876514744572477e+00
7.4367388596695880e+00
7.4858262448819284e+00
7.5349136300942696e+00
7.5840010153066100e+00
7.6330884005189503e+00
7.6821757857312907e+00
7.7312631709436310e+00
7.7803505561559723e+00
7.8294379413683126e+00
6.7408218480331650e-01
1.1865493138333516e-01
2.4946625610827011e-01
1.5953400194010667e+00
1.6444274046134073e+00
1.6935147898257479e+00
1.7426021750380882e+00
1.7916895602504288e+00
1.8407769454627694e+00
1.8898643306751097e+00
1.9389517158874503e+00
1.9880391010997909e+00
2.0371264863121312e+00
2.0862138715244720e+00
2.1353012567368124e+00
2.1843886419491527e+00
2.2334760271614935e+00
2.2825634123738339e+00
2.3316507975861747e+00
2.3807381827985150e+00
2.4298255680108554e+00
2.4789129532231962e+00
2.5280003384355365e+00
2.5770877236478773e+00
2.6261751088602177e+00
2.6752624940725580e+00
2.7243498792848984e+00
2.7734372644972392e+00
2.8225246497095799e+00
2.8716120349219203e+00
2.9206994201342606e+00
2.9697868053466010e+00
3.0188741905589418e+00
3.0679615757712821e+00
3.1170489609836229e+00
3.1661363461959633e+00
3.2152237314083036e+00
3.2643111166206444e+00
3.3133985018329848e+00
3.3624858870453256e+00
3.4115732722576659e+00
3.4606606574700063e+00
3.5097480426823466e+00
3.5588354278946874e+00
3.6079228131070278e+00
3.6570101983193686e+00
3.7060975835317089e+00
3.7551849687440493e+00
3.8042723539563901e+00
3.8533597391687304e+00
3.9024471243810712e+00
3.9515345095934116e+00
4.0006218948057519e+00
4.0497092800180932e+00
4.0987966652304335e+00
4.1478840504427739e+00
4.1969714356551142e+00
4.2460588208674546e+00
4.2951462060797949e+00
4.3442335912921353e+00
4.3933209765044756e+00
4.4424083617168169e+00
4.4914957469291572e+00
4.5405831321414976e+00
4.5896705173538388e+00
4.6387579025661791e+00
4.6878452877785195e+00
4.7369326729908598e+00
4.7860200582032002e+00
4.8351074434155406e+00
4.8841948286278809e+00
4.9332822138402221e+00
4.9823695990525625e+00
5.0314569842649028e+00
5.0805443694772441e+00
5.1296317546895844e+00
5.1787191399019248e+00
5.2278065251142651e+00
5.2768939103266055e+00
5.3259812955389458e+00
5.3750686807512862e+00
5.4241560659636265e+00
5.4732434511759678e+00
5.5223308363883081e+00
5.5714182216006485e+00
5.6205056068129888e+00
5.6695929920253301e+00
5.7186803772376704e+00
5.7677677624500108e+00
5.8168551476623511e+00
5.8659425328746915e+00
5.9150299180870318e+00
5.9641173032993731e+00
6.0132046885117134e+00
6.0622920737240538e+00
6.1113794589363941e+00
6.1604668441487345e+00
6.2095542293610757e+00
6.2586416145734161e+00
6.3077289997857564e+00
6.3568163849980968e+00
6.4059037702104371e+00
6.4549911554227783e+00
6.5040785406351187e+00
6.5531659258474591e+00
6.6022533110597994e+00
6.6513406962721398e+00
6.7004280814844810e+00
6.7495154666968213e+00
6.7986028519091617e+00
6.8476902371215020e+00
6.8967776223338424e+00
6.9458650075461827e+00
6.9949523927585240e+00
7.0440397779708643e+00
7.0931271631832047e+00
7.1422145483955450e+00
7.1913019336078854e+00
7.2403893188202266e+00
7.2894767040325670e+00
7.3385640892449073e+00
7.3876514744572477e+00
7.4367388596695880e+00
7.4858262448819284e+00
7.5349136300942696e+00
7.5840010153066100e+00
7.6330884005189503e+00
7.6821757857312907e+00
7.7312631709436310e+00
7.7803505561559723e+00
7.8294379413683126e+00
8.4887491361984069e-01
-3.0389147529633265e-01
8.0518019676007535e-01
