128
30
1.5953400194010667e+00
1.6444274046134073e+00
1.6935147898257479e+00
1.7426021750380882e+00
1.7916895602504288e+00
1.8407769454627694e+00
1.8898643306751097e+00
1.9389517158874503e+00
1.9880391010997909e+00
2.0371264863121312e+00
2.0862138715244720e+00
2.1353012567368124e+00
2.1843886419491527e+00
2.2334760271614935e+00
2.2825634123738339e+00
2.3316507975861747e+00
2.3807381827985150e+00
2.4298255680108554e+00
2.4789129532231962e+00
2.5280003384355365e+00
2.5770877236478773e+00
2.6261751088602177e+00
2.6752624940725580e+00
2.7243498792848984e+00
2.7734372644972392e+00
2.8225246497095799e+00
2.8716120349219203e+00
2.9206994201342606e+00
2.9697868053466010e+00
3.0188741905589418e+00
3.0679615757712821e+00
3.1170489609836229e+00
3.1661363461959633e+00
3.2152237314083036e+00
3.2643111166206444e+00
3.3133985018329848e+00
3.3624858870453256e+00
3.4115732722576659e+00
3.4606606574700063e+00
3.5097480426823466e+00
3.5588354278946874e+00
3.6079228131070278e+00
3.6570101983193686e+00
3.7060975835317089e+00
3.7551849687440493e+00
3.8042723539563901e+00
3.8533597391687304e+00
3.9024471243810712e+00
3.9515345095934116e+00
4.0006218948057519e+00
4.0497092800180932e+00
4.0987966652304335e+00
4.1478840504427739e+00
4.1969714356551142e+00
4.2460588208674546e+00
4.2951462060797949e+00
4.3442335912921353e+00
4.3933209765044756e+00
4.4424083617168169e+00
4.4914957469291572e+00
4.5405831321414976e+00
4.5896705173538388e+00
4.6387579025661791e+00
4.6878452877785195e+00
4.7369326729908598e+00
4.7860200582032002e+00
4.8351074434155406e+00
4.8841948286278809e+00
4.9332822138402221e+00
4.9823695990525625e+00
5.0314569842649028e+00
5.0805443694772441e+00
5.1296317546895844e+00
5.1787191399019248e+00
5.2278065251142651e+00
5.2768939103266055e+00
5.3259812955389458e+00
5.3750686807512862e+00
5.4241560659636265e+00
5.4732434511759678e+00
5.5223308363883081e+00
5.5714182216006485e+00
5.6205056068129888e+00
5.6695929920253301e+00
5.7186803772376704e+00
5.7677677624500108e+00
5.8168551476623511e+00
5.8659425328746915e+00
5.9150299180870318e+00
5.9641173032993731e+00
6.0132046885117134e+00
6.0622920737240538e+00
6.1113794589363941e+00
6.1604668441487345e+00
6.2095542293610757e+00
6.2586416145734161e+00
6.3077289997857564e+00
6.3568163849980968e+00
6.4059037702104371e+00
6.4549911554227783e+00
6.5040785406351187e+00
6.5531659258474591e+00
6.6022533110597994e+00
6.6513406962721398e+00
6.7004280814844810e+00
6.7495154666968213e+00
6.7986028519091617e+00
6.8476902371215020e+00
6.8967776223338424e+00
6.9458650075461827e+00
6.9949523927585240e+00
7.0440397779708643e+00
7.0931271631832047e+00
7.1422145483955450e+00
7.1913019336078854e+00
7.2403893188202266e+00
7.2894767040325670e+00
7.3385640892449073e+00
7.3876514744572477e+00
7.4367388596695880e+00
7.4858262448819284e+00
7.5349136300942696e+00
7.5840010153066100e+00
7.6330884005189503e+00
7.6821757857312907e+00
7.7312631709436310e+00
7.7803505561559723e+00
7.8294379413683126e+00
7.2513385290933707e-01
-8.3301408580464198e-01
4.8034906924892318e-01
1.5953400194010667e+00
1.6444274046134073e+00
1.6935147898257479e+00
1.7426021750380882e+00
1.7916895602504288e+00
1.8407769454627694e+00
1.8898643306751097e+00
1.9389517158874503e+00
1.9880391010997909e+00
2.0371264863121312e+00
2.0862138715244720e+00
2.1353012567368124e+00
2.1843886419491527e+00
2.2334760271614935e+00
2.2825634123738339e+00
2.3316507975861747e+00
2.3807381827985150e+00
2.4298255680108554e+00
2.4789129532231962e+00
2.5280003384355365e+00
2.5770877236478773e+00
2.6261751088602177e+00
2.6752624940725580e+00
2.7243498792848984e+00
2.7734372644972392e+00
2.8225246497095799e+00
2.8716120349219203e+00
2.9206994201342606e+00
2.9697868053466010e+00
3.0188741905589418e+00
3.0679615757712821e+00
3.1170489609836229e+00
3.1661363461959633e+00
3.2152237314083036e+00
3.2643111166206444e+00
3.3133985018329848e+00
3.3624858870453256e+00
3.4115732722576659e+00
3.4606606574700063e+00
3.5097480426823466e+00
3.5588354278946874e+00
3.6079228131070278e+00
3.6570101983193686e+00
3.7060975835317089e+00
3.7551849687440493e+00
3.8042723539563901e+00
3.8533597391687304e+00
3.9024471243810712e+00
3.9515345095934116e+00
4.0006218948057519e+00
4.0497092800180932e+00
4.0987966652304335e+00
4.1478840504427739e+00
4.1969714356551142e+00
4.2460588208674546e+00
4.2951462060797949e+00
4.3442335912921353e+00
4.3933209765044756e+00
4.4424083617168169e+00
4.4914957469291572e+00
4.5405831321414976e+00
4.5896705173538388e+00
4.6387579025661791e+00
4.6878452877785195e+00
4.7369326729908598e+00
4.7860200582032002e+00
4.8351074434155406e+00
4.8841948286278809e+00
4.9332822138402221e+00
4.9823695990525625e+00
5.0314569842649028e+00
5.0805443694772441e+00
5.1296317546895844e+00
5.1787191399019248e+00
5.2278065251142651e+00
5.2768939103266055e+00
5.3259812955389458e+00
5.3750686807512862e+00
5.4241560659636265e+00
5.4732434511759678e+00
5.5223308363883081e+00
5.5714182216006485e+00
5.6205056068129888e+00
5.6695929920253301e+00
5.7186803772376704e+00
5.7677677624500108e+00
5.8168551476623511e+00
5.8659425328746915e+00
5.9150299180870318e+00
5.9641173032993731e+00
6.0132046885117134e+00
6.0622920737240538e+00
6.1113794589363941e+00
6.1604668441487345e+00
6.2095542293610757e+00
6.2586416145734161e+00
6.3077289997857564e+00
6.3568163849980968e+00
6.4059037702104371e+00
6.4549911554227783e+00
6.5040785406351187e+00
6.5531659258474591e+00
6.6022533110597994e+00
6.6513406962721398e+00
6.7004280814844810e+00
6.7495154666968213e+00
6.7986028519091617e+00
6.8476902371215020e+00
6.8967776223338424e+00
6.9458650075461827e+00
6.9949523927585240e+00
7.0440397779708643e+00
7.0931271631832047e+00
7.1422145483955450e+00
7.1913019336078854e+00
7.2403893188202266e+00
7.2894767040325670e+00
7.3385640892449073e+00
7.3876514744572477e+00
7.4367388596695880e+00
7.4858262448819284e+00
7.5349136300942696e+00
7.5840010153066100e+00
7.6330884005189503e+00
7.6821757857312907e+00
7.7312631709436310e+00
7.7803505561559723e+00
7.8294379413683126e+00
5.6435752833457875e-01
-6.6932773739458895e-01
-7.9214208082380022e-01
1.5953400194010667e+00
1.6444274046134073e+00
1.6935147898257479e+00
1.7426021750380882e+00
1.7916895602504288e+00
1.8407769454627694e+00
1.8898643306751097e+00
1.9389517158874503e+00
1.9880391010997909e+00
2.0371264863121312e+00
2.0862138715244720e+00
2.1353012567368124e+00
2.1843886419491527e+00
2.2334760271614935e+00
2.2825634123738339e+00
2.3316507975861747e+00
2.3807381827985150e+00
2.4298255680108554e+00
2.4789129532231962e+00
2.5280003384355365e+00
2.5770877236478773e+00
2.6261751088602177e+00
2.6752624940725580e+00
2.7243498792848984e+00
2.7734372644972392e+00
2.8225246497095799e+00
2.8716120349219203e+00
2.9206994201342606e+00
2.9697868053466010e+00
3.0188741905589418e+00
3.0679615757712821e+00
3.1170489609836229e+00
3.1661363461959633e+00
3.2152237314083036e+00
3.2643111166206444e+00
3.3133985018329848e+00
3.3624858870453256e+00
3.4115732722576659e+00
3.4606606574700063e+00
3.5097480426823466e+00
3.5588354278946874e+00
3.6079228131070278e+00
3.6570101983193686e+00
3.7060975835317089e+00
3.7551849687440493e+00
3.8042723539563901e+00
3.8533597391687304e+00
3.9024471243810712e+00
3.9515345095934116e+00
4.0006218948057519e+00
4.0497092800180932e+00
4.0987966652304335e+00
4.1478840504427739e+00
4.1969714356551142e+00
4.2460588208674546e+00
4.2951462060797949e+00
4.3442335912921353e+00
4.3933209765044756e+00
4.4424083617168169e+00
4.4914957469291572e+00
4.5405831321414976e+00
4.5896705173538388e+00
4.6387579025661791e+00
4.6878452877785195e+00
4.7369326729908598e+00
4.7860200582032002e+00
4.8351074434155406e+00
4.8841948286278809e+00
4.9332822138402221e+00
4.9823695990525625e+00
5.0314569842649028e+00
5.0805443694772441e+00
5.1296317546895844e+00
5.1787191399019248e+00
5.2278065251142651e+00
5.2768939103266055e+00
5.3259812955389458e+00
5.3750686807512862e+00
5.4241560659636265e+00
5.4732434511759678e+00
5.5223308363883081e+00
5.5714182216006485e+00
5.6205056068129888e+00
5.6695929920253301e+00
5.7186803772376704e+00
5.7677677624500108e+00
5.8168551476623511e+00
5.8659425328746915e+00
5.9150299180870318e+00
5.9641173032993731e+00
6.0132046885117134e+00
6.0622920737240538e+00
6.1113794589363941e+00
6.1604668441487345e+00
6.2095542293610757e+00
6.2586416145734161e+00
6.3077289997857564e+00
6.3568163849980968e+00
6.4059037702104371e+00
6.4549911554227783e+00
6.5040785406351187e+00
6.5531659258474591e+00
6.6022533110597994e+00
6.6513406962721398e+00
6.7004280814844810e+00
6.7495154666968213e+00
6.7986028519091617e+00
6.8476902371215020e+00
6.8967776223338424e+00
6.9458650075461827e+00
6.9949523927585240e+00
7.0440397779708643e+00
7.0931271631832047e+00
7.1422145483955450e+00
7.1913019336078854e+00
7.2403893188202266e+00
7.2894767040325670e+00
7.3385640892449073e+00
7.3876514744572477e+00
7.4367388596695880e+00
7.4858262448819284e+00
7.5349136300942696e+00
7.5840010153066100e+00
7.6330884005189503e+00
7.6821757857312907e+00
7.7312631709436310e+00
7.7803505561559723e+00
7.8294379413683126e+00
8.8648787498896198e-01
-2.0735018705071484e-01
1.4999737811753833e-01
1.5953400194010667e+00
1.6444274046134073e+00
1.6935147898257479e+00
1.7426021750380882e+00
1.7916895602504288e+00
1.8407769454627694e+00
1.8898643306751097e+00
1.9389517158874503e+00
1.9880391010997909e+00
2.0371264863121312e+00
2.0862138715244720e+00
2.1353012567368124e+00
2.1843886419491527e+00
2.2334760271614935e+00
2.2825634123738339e+00
2.3316507975861747e+00
2.3807381827985150e+00
2.4298255680108554e+00
2.4789129532231962e+00
2.5280003384355365e+00
2.5770877236478773e+00
2.6261751088602177e+00
2.6752624940725580e+00
2.7243498792848984e+00
2.7734372644972392e+00
2.8225246497095799e+00
2.8716120349219203e+00
2.9206994201342606e+00
2.9697868053466010e+00
3.0188741905589418e+00
3.0679615757712821e+00
3.1170489609836229e+00
3.1661363461959633e+00
3.2152237314083036e+00
3.2643111166206444e+00
3.3133985018329848e+00
3.3624858870453256e+00
3.4115732722576659e+00
3.4606606574700063e+00
3.5097480426823466e+00
3.5588354278946874e+00
3.6079228131070278e+00
3.6570101983193686e+00
3.7060975835317089e+00
3.7551849687440493e+00
3.8042723539563901e+00
3.8533597391687304e+00
3.9024471243810712e+00
3.9515345095934116e+00
4.0006218948057519e+00
4.0497092800180932e+00
4.0987966652304335e+00
4.1478840504427739e+00
4.1969714356551142e+00
4.2460588208674546e+00
4.2951462060797949e+00
4.3442335912921353e+00
4.3933209765044756e+00
4.4424083617168169e+00
4.4914957469291572e+00
4.5405831321414976e+00
4.5896705173538388e+00
4.6387579025661791e+00
4.6878452877785195e+00
4.7369326729908598e+00
4.7860200582032002e+00
4.8351074434155406e+00
4.8841948286278809e+00
4.9332822138402221e+00
4.9823695990525625e+00
5.0314569842649028e+00
5.0805443694772441e+00
5.1296317546895844e+00
5.1787191399019248e+00
5.2278065251142651e+00
5.2768939103266055e+00
5.3259812955389458e+00
5.3750686807512862e+00
5.4241560659636265e+00
5.4732434511759678e+00
5.5223308363883081e+00
5.5714182216006485e+00
5.6205056068129888e+00
5.6695929920253301e+00
5.7186803772376704e+00
5.7677677624500108e+00
5.8168551476623511e+00
5.8659425328746915e+00
5.9150299180870318e+00
5.9641173032993731e+00
6.0132046885117134e+00
6.0622920737240538e+00
6.1113794589363941e+00
6.1604668441487345e+00
6.2095542293610757e+00
6.2586416145734161e+00
6.3077289997857564e+00
6.3568163849980968e+00
6.4059037702104371e+00
6.4549911554227783e+00
6.5040785406351187e+00
6.5531659258474591e+00
6.6022533110597994e+00
6.6513406962721398e+00
6.7004280814844810e+00
6.7495154666968213e+00
6.7986028519091617e+00
6.8476902371215020e+00
6.8967776223338424e+00
6.9458650075461827e+00
6.9949523927585240e+00
7.0440397779708643e+00
7.0931271631832047e+00
7.1422145483955450e+00
7.1913019336078854e+00
7.2403893188202266e+00
7.2894767040325670e+00
7.3385640892449073e+00
7.3876514744572477e+00
7.4367388596695880e+00
7.4858262448819284e+00
7.5349136300942696e+00
7.5840010153066100e+00
7.6330884005189503e+00
7.6821757857312907e+00
7.7312631709436310e+00
7.7803505561559723e+00
7.8294379413683126e+00
9.8547805299494329e-01
-5.2031809567342813e-01
-1.3810762371757157e-01
1.5953400194010667e+00
1.6444274046134073e+00
1.6935147898257479e+00
1.7426021750380882e+00
1.7916895602504288e+00
1.8407769454627694e+00
1.8898643306751097e+00
1.9389517158874503e+00
1.9880391010997909e+00
2.0371264863121312e+00
2.0862138715244720e+00
2.1353012567368124e+00
2.1843886419491527e+00
2.2334760271614935e+00
2.2825634123738339e+00
2.3316507975861747e+00
2.3807381827985150e+00
2.4298255680108554e+00
2.4789129532231962e+00
2.5280003384355365e+00
2.5770877236478773e+00
2.6261751088602177e+00
2.6752624940725580e+00
2.7243498792848984e+00
2.7734372644972392e+00
2.8225246497095799e+00
2.8716120349219203e+00
2.9206994201342606e+00
2.9697868053466010e+00
3.0188741905589418e+00
3.0679615757712821e+00
3.1170489609836229e+00
3.1661363461959633e+00
3.2152237314083036e+00
3.2643111166206444e+00
3.3133985018329848e+00
3.3624858870453256e+00
3.4115732722576659e+00
3.4606606574700063e+00
3.5097480426823466e+00
3.5588354278946874e+00
3.6079228131070278e+00
3.6570101983193686e+00
3.7060975835317089e+00
3.7551849687440493e+00
3.8042723539563901e+00
3.8533597391687304e+00
3.9024471243810712e+00
3.9515345095934116e+00
4.0006218948057519e+00
4.0497092800180932e+00
4.0987966652304335e+00
4.1478840504427739e+00
4.1969714356551142e+00
4.2460588208674546e+00
4.2951462060797949e+00
4.3442335912921353e+00
4.3933209765044756e+00
4.4424083617168169e+00
4.4914957469291572e+00
4.5405831321414976e+00
4.5896705173538388e+00
4.6387579025661791e+00
4.6878452877785195e+00
4.7369326729908598e+00
4.7860200582032002e+00
4.8351074434155406e+00
4.8841948286278809e+00
4.9332822138402221e+00
4.9823695990525625e+00
5.0314569842649028e+00
5.0805443694772441e+00
5.1296317546895844e+00
5.1787191399019248e+00
5.2278065251142651e+00
5.2768939103266055e+00
5.3259812955389458e+00
5.3750686807512862e+00
5.4241560659636265e+00
5.4732434511759678e+00
5.5223308363883081e+00
5.5714182216006485e+00
5.6205056068129888e+00
5.6695929920253301e+00
5.7186803772376704e+00
5.7677677624500108e+00
5.8168551476623511e+00
5.8659425328746915e+00
5.9150299180870318e+00
5.9641173032993731e+00
6.0132046885117134e+00
6.0622920737240538e+00
6.1113794589363941e+00
6.1604668441487345e+00
6.2095542293610757e+00
6.2586416145734161e+00
6.3077289997857564e+00
6.3568163849980968e+00
6.4059037702104371e+00
6.4549911554227783e+00
6.5040785406351187e+00
6.5531659258474591e+00
6.6022533110597994e+00
6.6513406962721398e+00
6.7004280814844810e+00
6.7495154666968213e+00
6.7986028519091617e+00
6.8476902371215020e+00
6.8967776223338424e+00
6.9458650075461827e+00
6.9949523927585240e+00
7.0440397779708643e+00
7.0931271631832047e+00
7.1422145483955450e+00
7.1913019336078854e+00
7.2403893188202266e+00
7.2894767040325670e+00
7.3385640892449073e+00
7.3876514744572477e+00
7.4367388596695880e+00
7.4858262448819284e+00
7.5349136300942696e+00
7.5840010153066100e+00
7.6330884005189503e+00
7.6821757857312907e+00
7.7312631709436310e+00
7.7803505561559723e+00
7.8294379413683126e+00
8.1635884490432831e-01
2.5233840782879935e-01
4.3054598273915090e-01
1.5953400194010667e+00
1.6444274046134073e+00
1.6935147898257479e+00
1.7426021750380882e+00
1.7916895602504288e+00
1.8407769454627694e+00
1.8898643306751097e+00
1.9389517158874503e+00
1.9880391010997909e+00
2.0371264863121312e+00
2.0862138715244720e+00
2.1353012567368124e+00
2.1843886419491527e+00
2.2334760271614935e+00
2.2825634123738339e+00
2.3316507975861747e+00
2.3807381827985150e+00
2.4298255680108554e+00
2.4789129532231962e+00
2.5280003384355365e+00
2.5770877236478773e+00
2.6261751088602177e+00
2.6752624940725580e+00
2.7243498792848984e+00
2.7734372644972392e+00
2.8225246497095799e+00
2.8716120349219203e+00
2.9206994201342606e+00
2.9697868053466010e+00
3.0188741905589418e+00
3.0679615757712821e+00
3.1170489609836229e+00
3.1661363461959633e+00
3.2152237314083036e+00
3.2643111166206444e+00
3.3133985018329848e+00
3.3624858870453256e+00
3.4115732722576659e+00
3.4606606574700063e+00
3.5097480426823466e+00
3.5588354278946874e+00
3.6079228131070278e+00
3.6570101983193686e+00
3.7060975835317089e+00
3.7551849687440493e+00
3.8042723539563901e+00
3.8533597391687304e+00
3.9024471243810712e+00
3.9515345095934116e+00
4.0006218948057519e+00
4.0497092800180932e+00
4.0987966652304335e+00
4.1478840504427739e+00
4.1969714356551142e+00
4.2460588208674546e+00
4.2951462060797949e+00
4.3442335912921353e+00
4.3933209765044756e+00
4.4424083617168169e+00
4.4914957469291572e+00
4.5405831321414976e+00
4.5896705173538388e+00
4.6387579025661791e+00
4.6878452877785195e+00
4.7369326729908598e+00
4.7860200582032002e+00
4.8351074434155406e+00
4.8841948286278809e+00
4.9332822138402221e+00
4.9823695990525625e+00
5.0314569842649028e+00
5.0805443694772441e+00
5.1296317546895844e+00
5.1787191399019248e+00
5.2278065251142651e+00
5.2768939103266055e+00
5.3259812955389458e+00
5.3750686807512862e+00
5.4241560659636265e+00
5.4732434511759678e+00
5.5223308363883081e+00
5.5714182216006485e+00
5.6205056068129888e+00
5.6695929920253301e+00
5.7186803772376704e+00
5.7677677624500108e+00
5.8168551476623511e+00
5.8659425328746915e+00
5.9150299180870318e+00
5.9641173032993731e+00
6.0132046885117134e+00
6.0622920737240538e+00
6.1113794589363941e+00
6.1604668441487345e+00
6.2095542293610757e+00
6.2586416145734161e+00
6.3077289997857564e+00
6.3568163849980968e+00
6.4059037702104371e+00
6.4549911554227783e+00
6.5040785406351187e+00
6.5531659258474591e+00
6.6022533110597994e+00
6.6513406962721398e+00
6.7004280814844810e+00
6.7495154666968213e+00
6.7986028519091617e+00
6.8476902371215020e+00
6.8967776223338424e+00
6.9458650075461827e+00
6.9949523927585240e+00
7.0440397779708643e+00
7.0931271631832047e+00
7.1422145483955450e+00
7.1913019336078854e+00
7.2403893188202266e+00
7.2894767040325670e+00
7.3385640892449073e+00
7.3876514744572477e+00
7.4367388596695880e+00
7.4858262448819284e+00
7.5349136300942696e+00
7.5840010153066100e+00
7.6330884005189503e+00
7.6821757857312907e+00
7.7312631709436310e+00
7.7803505561559723e+00
7.8294379413683126e+00
7.6093525006599849e-01
-2.7337433302604564e-01
-3.8744548398269507e-01
1.5953400194010667e+00
1.6444274046134073e+00
1.6935147898257479e+00
1.7426021750380882e+00
1.7916895602504288e+00
1.8407769454627694e+00
1.8898643306751097e+00
1.9389517158874503e+00
1.9880391010997909e+00
2.0371264863121312e+00
2.0862138715244720e+00
2.1353012567368124e+00
2.1843886419491527e+00
2.2334760271614935e+00
2.2825634123738339e+00
2.3316507975861747e+00
2.3807381827985150e+00
2.4298255680108554e+00
2.4789129532231962e+00
2.5280003384355365e+00
2.5770877236478773e+00
2.6261751088602177e+00
2.6752624940725580e+00
2.7243498792848984e+00
2.7734372644972392e+00
2.8225246497095799e+00
2.8716120349219203e+00
2.9206994201342606e+00
2.9697868053466010e+00
3.0188741905589418e+00
3.0679615757712821e+00
3.1170489609836229e+00
3.1661363461959633e+00
3.2152237314083036e+00
3.2643111166206444e+00
3.3133985018329848e+00
3.3624858870453256e+00
3.4115732722576659e+00
3.4606606574700063e+00
3.5097480426823466e+00
3.5588354278946874e+00
3.6079228131070278e+00
3.6570101983193686e+00
3.7060975835317089e+00
3.7551849687440493e+00
3.8042723539563901e+00
3.8533597391687304e+00
3.9024471243810712e+00
3.9515345095934116e+00
4.0006218948057519e+00
4.0497092800180932e+00
4.0987966652304335e+00
4.1478840504427739e+00
4.1969714356551142e+00
4.2460588208674546e+00
4.2951462060797949e+00
4.3442335912921353e+00
4.3933209765044756e+00
4.4424083617168169e+00
4.4914957469291572e+00
4.5405831321414976e+00
4.5896705173538388e+00
4.6387579025661791e+00
4.6878452877785195e+00
4.7369326729908598e+00
4.7860200582032002e+00
4.8351074434155406e+00
4.8841948286278809e+00
4.9332822138402221e+00
4.9823695990525625e+00
5.0314569842649028e+00
5.0805443694772441e+00
5.1296317546895844e+00
5.1787191399019248e+00
5.2278065251142651e+00
5.2768939103266055e+00
5.3259812955389458e+00
5.3750686807512862e+00
5.4241560659636265e+00
5.4732434511759678e+00
5.5223308363883081e+00
5.5714182216006485e+00
5.6205056068129888e+00
5.6695929920253301e+00
5.7186803772376704e+00
5.7677677624500108e+00
5.8168551476623511e+00
5.8659425328746915e+00
5.9150299180870318e+00
5.9641173032993731e+00
6.0132046885117134e+00
6.0622920737240538e+00
6.1113794589363941e+00
6.1604668441487345e+00
6.2095542293610757e+00
6.2586416145734161e+00
6.3077289997857564e+00
6.3568163849980968e+00
6.4059037702104371e+00
6.4549911554227783e+00
6.5040785406351187e+00
6.5531659258474591e+00
6.6022533110597994e+00
6.6513406962721398e+00
6.7004280814844810e+00
6.7495154666968213e+00
6.7986028519091617e+00
6.8476902371215020e+00
6.8967776223338424e+00
6.9458650075461827e+00
6.9949523927585240e+00
7.0440397779708643e+00
7.0931271631832047e+00
7.1422145483955450e+00
7.1913019336078854e+00
7.2403893188202266e+00
7.2894767040325670e+00
7.3385640892449073e+00
7.3876514744572477e+00
7.4367388596695880e+00
7.4858262448819284e+00
7.5349136300942696e+00
7.5840010153066100e+00
7.6330884005189503e+00
7.6821757857312907e+00
7.7312631709436310e+00
7.7803505561559723e+00
7.8294379413683126e+00
6.4005147139868190e-01
-3.8591711157888331e-01
-7.7959530689050660e-01
1.5953400194010667e+00
1.6444274046134073e+00
1.6935147898257479e+00
1.7426021750380882e+00
1.7916895602504288e+00
1.8407769454627694e+00
1.8898643306751097e+00
1.9389517158874503e+00
1.9880391010997909e+00
2.0371264863121312e+00
2.0862138715244720e+00
2.1353012567368124e+00
2.1843886419491527e+00
2.2334760271614935e+00
2.2825634123738339e+00
2.3316507975861747e+00
2.3807381827985150e+00
2.4298255680108554e+00
2.4789129532231962e+00
2.5280003384355365e+00
2.5770877236478773e+00
2.6261751088602177e+00
2.6752624940725580e+00
2.7243498792848984e+00
2.7734372644972392e+00
2.8225246497095799e+00
2.8716120349219203e+00
2.9206994201342606e+00
2.9697868053466010e+00
3.0188741905589418e+00
3.0679615757712821e+00
3.1170489609836229e+00
3.1661363461959633e+00
3.2152237314083036e+00
3.2643111166206444e+00
3.3133985018329848e+00
3.3624858870453256e+00
3.4115732722576659e+00
3.4606606574700063e+00
3.5097480426823466e+00
3.5588354278946874e+00
3.6079228131070278e+00
3.6570101983193686e+00
3.7060975835317089e+00
3.7551849687440493e+00
3.8042723539563901e+00
3.8533597391687304e+00
3.9024471243810712e+00
3.9515345095934116e+00
4.0006218948057519e+00
4.0497092800180932e+00
4.0987966652304335e+00
4.1478840504427739e+00
4.1969714356551142e+00
4.2460588208674546e+00
4.2951462060797949e+00
4.3442335912921353e+00
4.3933209765044756e+00
4.4424083617168169e+00
4.4914957469291572e+00
4.5405831321414976e+00
4.5896705173538388e+00
4.6387579025661791e+00
4.6878452877785195e+00
4.7369326729908598e+00
4.7860200582032002e+00
4.8351074434155406e+00
4.8841948286278809e+00
4.9332822138402221e+00
4.9823695990525625e+00
5.0314569842649028e+00
5.0805443694772441e+00
5.1296317546895844e+00
5.1787191399019248e+00
5.2278065251142651e+00
5.2768939103266055e+00
5.3259812955389458e+00
5.3750686807512862e+00
5.4241560659636265e+00
5.4732434511759678e+00
5.5223308363883081e+00
5.5714182216006485e+00
5.6205056068129888e+00
5.6695929920253301e+00
5.7186803772376704e+00
5.7677677624500108e+00
5.8168551476623511e+00
5.8659425328746915e+00
5.9150299180870318e+00
5.9641173032993731e+00
6.0132046885117134e+00
6.0622920737240538e+00
6.1113794589363941e+00
6.1604668441487345e+00
6.2095542293610757e+00
6.2586416145734161e+00
6.3077289997857564e+00
6.3568163849980968e+00
6.4059037702104371e+00
6.4549911554227783e+00
6.5040785406351187e+00
6.5531659258474591e+00
6.6022533110597994e+00
6.6513406962721398e+00
6.7004280814844810e+00
6.7495154666968213e+00
6.7986028519091617e+00
6.8476902371215020e+00
6.8967776223338424e+00
6.9458650075461827e+00
6.9949523927585240e+00
7.0440397779708643e+00
7.0931271631832047e+00
7.1422145483955450e+00
7.1913019336078854e+00
7.2403893188202266e+00
7.2894767040325670e+00
7.3385640892449073e+00
7.3876514744572477e+00
7.4367388596695880e+00
7.4858262448819284e+00
7.5349136300942696e+00
7.5840010153066100e+00
7.6330884005189503e+00
7.6821757857312907e+00
7.7312631709436310e+00
7.7803505561559723e+00
7.8294379413683126e+00
7.3966447072980845e-01
5.2152289749385794e-02
-2.2994672365397917e-01
1.5953400194010667e+00
1.6444274046134073e+00
1.6935147898257479e+00
1.7426021750380882e+00
1.7916895602504288e+00
1.8407769454627694e+00
1.8898643306751097e+00
1.9389517158874503e+00
1.9880391010997909e+00
2.0371264863121312e+00
2.0862138715244720e+00
2.1353012567368124e+00
2.1843886419491527e+00
2.2334760271614935e+00
2.2825634123738339e+00
2.3316507975861747e+00
2.3807381827985150e+00
2.4298255680108554e+00
2.4789129532231962e+00
2.5280003384355365e+00
2.5770877236478773e+00
2.6261751088602177e+00
2.6752624940725580e+00
2.7243498792848984e+00
2.7734372644972392e+00
2.8225246497095799e+00
2.8716120349219203e+00
2.9206994201342606e+00
2.9697868053466010e+00
3.0188741905589418e+00
3.0679615757712821e+00
3.1170489609836229e+00
3.1661363461959633e+00
3.2152237314083036e+00
3.2643111166206444e+00
3.3133985018329848e+00
3.3624858870453256e+00
3.4115732722576659e+00
3.4606606574700063e+00
3.5097480426823466e+00
3.5588354278946874e+00
3.6079228131070278e+00
3.6570101983193686e+00
3.7060975835317089e+00
3.7551849687440493e+00
3.8042723539563901e+00
3.8533597391687304e+00
3.9024471243810712e+00
3.9515345095934116e+00
4.0006218948057519e+00
4.0497092800180932e+00
4.0987966652304335e+00
4.1478840504427739e+00
4.1969714356551142e+00
4.2460588208674546e+00
4.2951462060797949e+00
4.3442335912921353e+00
4.3933209765044756e+00
4.4424083617168169e+00
4.4914957469291572e+00
4.5405831321414976e+00
4.5896705173538388e+00
4.6387579025661791e+00
4.6878452877785195e+00
4.7369326729908598e+00
4.7860200582032002e+00
4.8351074434155406e+00
4.8841948286278809e+00
4.9332822138402221e+00
4.9823695990525625e+00
5.0314569842649028e+00
5.0805443694772441e+00
5.1296317546895844e+00
5.1787191399019248e+00
5.2278065251142651e+00
5.2768939103266055e+00
5.3259812955389458e+00
5.3750686807512862e+00
5.4241560659636265e+00
5.4732434511759678e+00
5.5223308363883081e+00
5.5714182216006485e+00
5.6205056068129888e+00
5.6695929920253301e+00
5.7186803772376704e+00
5.7677677624500108e+00
5.8168551476623511e+00
5.8659425328746915e+00
5.9150299180870318e+00
5.9641173032993731e+00
6.0132046885117134e+00
6.0622920737240538e+00
6.1113794589363941e+00
6.1604668441487345e+00
6.2095542293610757e+00
6.2586416145734161e+00
6.3077289997857564e+00
6.3568163849980968e+00
6.4059037702104371e+00
6.4549911554227783e+00
6.5040785406351187e+00
6.5531659258474591e+00
6.6022533110597994e+00
6.6513406962721398e+00
6.7004280814844810e+00
6.7495154666968213e+00
6.7986028519091617e+00
6.8476902371215020e+00
6.8967776223338424e+00
6.9458650075461827e+00
6.9949523927585240e+00
7.0440397779708643e+00
7.0931271631832047e+00
7.1422145483955450e+00
7.1913019336078854e+00
7.2403893188202266e+00
7.2894767040325670e+00
7.3385640892449073e+00
7.3876514744572477e+00
7.4367388596695880e+00
7.4858262448819284e+00
7.5349136300942696e+00
7.5840010153066100e+00
7.6330884005189503e+00
7.6821757857312907e+00
7.7312631709436310e+00
7.7803505561559723e+00
7.8294379413683126e+00
4.7540977306976379e-01
4.5774022917464641e-01
-6.8574369813094016e-01
1.5953400194010667e+00
1.6444274046134073e+00
1.6935147898257479e+00
1.7426021750380882e+00
1.7916895602504288e+00
1.8407769454627694e+00
1.8898643306751097e+00
1.9389517158874503e+00
1.9880391010997909e+00
2.0371264863121312e+00
2.0862138715244720e+00
2.1353012567368124e+00
2.1843886419491527e+00
2.2334760271614935e+00
2.2825634123738339e+00
2.3316507975861747e+00
2.3807381827985150e+00
2.4298255680108554e+00
2.4789129532231962e+00
2.5280003384355365e+00
2.5770877236478773e+00
2.6261751088602177e+00
2.6752624940725580e+00
2.7243498792848984e+00
2.7734372644972392e+00
2.8225246497095799e+00
2.8716120349219203e+00
2.9206994201342606e+00
2.9697868053466010e+00
3.0188741905589418e+00
3.0679615757712821e+00
3.1170489609836229e+00
3.1661363461959633e+00
3.2152237314083036e+00
3.2643111166206444e+00
3.3133985018329848e+00
3.3624858870453256e+00
3.4115732722576659e+00
3.4606606574700063e+00
3.5097480426823466e+00
3.5588354278946874e+00
3.6079228131070278e+00
3.6570101983193686e+00
3.7060975835317089e+00
3.7551849687440493e+00
3.8042723539563901e+00
3.8533597391687304e+00
3.9024471243810712e+00
3.9515345095934116e+00
4.0006218948057519e+00
4.0497092800180932e+00
4.0987966652304335e+00
4.1478840504427739e+00
4.1969714356551142e+00
4.2460588208674546e+00
4.2951462060797949e+00
4.3442335912921353e+00
4.3933209765044756e+00
4.4424083617168169e+00
4.4914957469291572e+00
4.5405831321414976e+00
4.5896705173538388e+00
4.6387579025661791e+00
4.6878452877785195e+00
4.7369326729908598e+00
4.7860200582032002e+00
4.8351074434155406e+00
4.8841948286278809e+00
4.9332822138402221e+00
4.9823695990525625e+00
5.0314569842649028e+00
5.0805443694772441e+00
5.1296317546895844e+00
5.1787191399019248e+00
5.2278065251142651e+00
5.2768939103266055e+00
5.3259812955389458e+00
5.3750686807512862e+00
5.4241560659636265e+00
5.4732434511759678e+00
5.5223308363883081e+00
5.5714182216006485e+00
5.6205056068129888e+00
5.6695929920253301e+00
5.7186803772376704e+00
5.7677677624500108e+00
5.8168551476623511e+00
5.8659425328746915e+00
5.9150299180870318e+00
5.9641173032993731e+00
6.0132046885117134e+00
6.0622920737240538e+00
6.1113794589363941e+00
6.1604668441487345e+00
6.2095542293610757e+00
6.2586416145734161e+00
6.3077289997857564e+00
6.3568163849980968e+00
6.4059037702104371e+00
6.4549911554227783e+00
6.5040785406351187e+00
6.5531659258474591e+00
6.6022533110597994e+00
6.6513406962721398e+00
6.7004280814844810e+00
6.7495154666968213e+00
6.7986028519091617e+00
6.8476902371215020e+00
6.8967776223338424e+00
6.9458650075461827e+00
6.9949523927585240e+00
7.0440397779708643e+00
7.0931271631832047e+00
7.1422145483955450e+00
7.1913019336078854e+00
7.2403893188202266e+00
7.2894767040325670e+00
7.3385640892449073e+00
7.3876514744572477e+00
7.4367388596695880e+00
7.4858262448819284e+00
7.5349136300942696e+00
7.5840010153066100e+00
7.6330884005189503e+00
7.6821757857312907e+00
7.7312631709436310e+00
7.7803505561559723e+00
7.8294379413683126e+00
7.5294259743930125e-01
3.2371092186414474e-01
-7.3564139727674061e-02
1.5953400194010667e+00
1.6444274046134073e+00
1.6935147898257479e+00
1.7426021750380882e+00
1.7916895602504288e+00
1.8407769454627694e+00
1.8898643306751097e+00
1.9389517158874503e+00
1.9880391010997909e+00
2.0371264863121312e+00
2.0862138715244720e+00
2.1353012567368124e+00
2.1843886419491527e+00
2.2334760271614935e+00
2.2825634123738339e+00
2.3316507975861747e+00
2.3807381827985150e+00
2.4298255680108554e+00
2.4789129532231962e+00
2.5280003384355365e+00
2.5770877236478773e+00
2.6261751088602177e+00
2.6752624940725580e+00
2.7243498792848984e+00
2.7734372644972392e+00
2.8225246497095799e+00
2.8716120349219203e+00
2.9206994201342606e+00
2.9697868053466010e+00
3.0188741905589418e+00
3.0679615757712821e+00
3.1170489609836229e+00
3.1661363461959633e+00
3.2152237314083036e+00
3.2643111166206444e+00
3.3133985018329848e+00
3.3624858870453256e+00
3.4115732722576659e+00
3.4606606574700063e+00
3.5097480426823466e+00
3.5588354278946874e+00
3.6079228131070278e+00
3.6570101983193686e+00
3.7060975835317089e+00
3.7551849687440493e+00
3.8042723539563901e+00
3.8533597391687304e+00
3.9024471243810712e+00
3.9515345095934116e+00
4.0006218948057519e+00
4.0497092800180932e+00
4.0987966652304335e+00
4.1478840504427739e+00
4.1969714356551142e+00
4.2460588208674546e+00
4.2951462060797949e+00
4.3442335912921353e+00
4.3933209765044756e+00
4.4424083617168169e+00
4.4914957469291572e+00
4.5405831321414976e+00
4.5896705173538388e+00
4.6387579025661791e+00
4.6878452877785195e+00
4.7369326729908598e+00
4.7860200582032002e+00
4.8351074434155406e+00
4.8841948286278809e+00
4.9332822138402221e+00
4.9823695990525625e+00
5.0314569842649028e+00
5.0805443694772441e+00
5.1296317546895844e+00
5.1787191399019248e+00
5.2278065251142651e+00
5.2768939103266055e+00
5.3259812955389458e+00
5.3750686807512862e+00
5.4241560659636265e+00
5.4732434511759678e+00
5.5223308363883081e+00
5.5714182216006485e+00
5.6205056068129888e+00
5.6695929920253301e+00
5.7186803772376704e+00
5.7677677624500108e+00
5.8168551476623511e+00
5.8659425328746915e+00
5.9150299180870318e+00
5.9641173032993731e+00
6.0132046885117134e+00
6.0622920737240538e+00
6.1113794589363941e+00
6.1604668441487345e+00
6.2095542293610757e+00
6.2586416145734161e+00
6.3077289997857564e+00
6.3568163849980968e+00
6.4059037702104371e+00
6.4549911554227783e+00
6.5040785406351187e+00
6.5531659258474591e+00
6.6022533110597994e+00
6.6513406962721398e+00
6.7004280814844810e+00
6.7495154666968213e+00
6.7986028519091617e+00
6.8476902371215020e+00
6.8967776223338424e+00
6.9458650075461827e+00
6.9949523927585240e+00
7.0440397779708643e+00
7.0931271631832047e+00
7.1422145483955450e+00
7.1913019336078854e+00
7.2403893188202266e+00
7.2894767040325670e+00
7.3385640892449073e+00
7.3876514744572477e+00
7.4367388596695880e+00
7.4858262448819284e+00
7.5349136300942696e+00
7.5840010153066100e+00
7.6330884005189503e+00
7.6821757857312907e+00
7.7312631709436310e+00
7.7803505561559723e+00
7.8294379413683126e+00
8.7034505208493795e-01
5.6953800173914271e-01
1.2562422499919568e-01
1.5953400194010667e+00
1.6444274046134073e+00
1.6935147898257479e+00
1.7426021750380882e+00
1.7916895602504288e+00
1.8407769454627694e+00
1.8898643306751097e+00
1.9389517158874503e+00
1.9880391010997909e+00
2.0371264863121312e+00
2.0862138715244720e+00
2.1353012567368124e+00
2.1843886419491527e+00
2.2334760271614935e+00
2.2825634123738339e+00
2.3316507975861747e+00
2.3807381827985150e+00
2.4298255680108554e+00
2.4789129532231962e+00
2.5280003384355365e+00
2.5770877236478773e+00
2.6261751088602177e+00
2.6752624940725580e+00
2.7243498792848984e+00
2.7734372644972392e+00
2.8225246497095799e+00
2.8716120349219203e+00
2.9206994201342606e+00
2.9697868053466010e+00
3.0188741905589418e+00
3.0679615757712821e+00
3.1170489609836229e+00
3.1661363461959633e+00
3.2152237314083036e+00
3.2643111166206444e+00
3.3133985018329848e+00
3.3624858870453256e+00
3.4115732722576659e+00
3.4606606574700063e+00
3.5097480426823466e+00
3.5588354278946874e+00
3.6079228131070278e+00
3.6570101983193686e+00
3.7060975835317089e+00
3.7551849687440493e+00
3.8042723539563901e+00
3.8533597391687304e+00
3.9024471243810712e+00
3.9515345095934116e+00
4.0006218948057519e+00
4.0497092800180932e+00
4.0987966652304335e+00
4.1478840504427739e+00
4.1969714356551142e+00
4.2460588208674546e+00
4.2951462060797949e+00
4.3442335912921353e+00
4.3933209765044756e+00
4.4424083617168169e+00
4.4914957469291572e+00
4.5405831321414976e+00
4.5896705173538388e+00
4.6387579025661791e+00
4.6878452877785195e+00
4.7369326729908598e+00
4.7860200582032002e+00
4.8351074434155406e+00
4.8841948286278809e+00
4.9332822138402221e+00
4.9823695990525625e+00
5.0314569842649028e+00
5.0805443694772441e+00
5.1296317546895844e+00
5.1787191399019248e+00
5.2278065251142651e+00
5.2768939103266055e+00
5.3259812955389458e+00
5.3750686807512862e+00
5.4241560659636265e+00
5.4732434511759678e+00
5.5223308363883081e+00
5.5714182216006485e+00
5.6205056068129888e+00
5.6695929920253301e+00
5.7186803772376704e+00
5.7677677624500108e+00
5.8168551476623511e+00
5.8659425328746915e+00
5.9150299180870318e+00
5.9641173032993731e+00
6.0132046885117134e+00
6.0622920737240538e+00
6.1113794589363941e+00
6.1604668441487345e+00
6.2095542293610757e+00
6.2586416145734161e+00
6.3077289997857564e+00
6.3568163849980968e+00
6.4059037702104371e+00
6.4549911554227783e+00
6.5040785406351187e+00
6.5531659258474591e+00
6.6022533110597994e+00
6.6513406962721398e+00
6.7004280814844810e+00
6.7495154666968213e+00
6.7986028519091617e+00
6.8476902371215020e+00
6.8967776223338424e+00
6.9458650075461827e+00
6.9949523927585240e+00
7.0440397779708643e+00
7.0931271631832047e+00
7.1422145483955450e+00
7.1913019336078854e+00
7.2403893188202266e+00
7.2894767040325670e+00
7.3385640892449073e+00
7.3876514744572477e+00
7.4367388596695880e+00
7.4858262448819284e+00
7.5349136300942696e+00
7.5840010153066100e+00
7.6330884005189503e+00
7.6821757857312907e+00
7.7312631709436310e+00
7.7803505561559723e+00
7.8294379413683126e+00
7.0261870127375936e-01
8.0241190742154012e-01
6.7960387886796125e-01
1.5953400194010667e+00
1.6444274046134073e+00
1.6935147898257479e+00
1.7426021750380882e+00
1.7916895602504288e+00
1.8407769454627694e+00
1.8898643306751097e+00
1.9389517158874503e+00
1.9880391010997909e+00
2.0371264863121312e+00
2.0862138715244720e+00
2.1353012567368124e+00
2.1843886419491527e+00
2.2334760271614935e+00
2.2825634123738339e+00
2.3316507975861747e+00
2.3807381827985150e+00
2.4298255680108554e+00
2.4789129532231962e+00
2.5280003384355365e+00
2.5770877236478773e+00
2.6261751088602177e+00
2.6752624940725580e+00
2.7243498792848984e+00
2.7734372644972392e+00
2.8225246497095799e+00
2.8716120349219203e+00
2.9206994201342606e+00
2.9697868053466010e+00
3.0188741905589418e+00
3.0679615757712821e+00
3.1170489609836229e+00
3.1661363461959633e+00
3.2152237314083036e+00
3.2643111166206444e+00
3.3133985018329848e+00
3.3624858870453256e+00
3.4115732722576659e+00
3.4606606574700063e+00
3.5097480426823466e+00
3.5588354278946874e+00
3.6079228131070278e+00
3.6570101983193686e+00
3.7060975835317089e+00
3.7551849687440493e+00
3.8042723539563901e+00
3.8533597391687304e+00
3.9024471243810712e+00
3.9515345095934116e+00
4.0006218948057519e+00
4.0497092800180932e+00
4.0987966652304335e+00
4.1478840504427739e+00
4.1969714356551142e+00
4.2460588208674546e+00
4.2951462060797949e+00
4.3442335912921353e+00
4.3933209765044756e+00
4.4424083617168169e+00
4.4914957469291572e+00
4.5405831321414976e+00
4.5896705173538388e+00
4.6387579025661791e+00
4.6878452877785195e+00
4.7369326729908598e+00
4.7860200582032002e+00
4.8351074434155406e+00
4.8841948286278809e+00
4.9332822138402221e+00
4.9823695990525625e+00
5.0314569842649028e+00
5.0805443694772441e+00
5.1296317546895844e+00
5.1787191399019248e+00
5.2278065251142651e+00
5.2768939103266055e+00
5.3259812955389458e+00
5.3750686807512862e+00
5.4241560659636265e+00
5.4732434511759678e+00
5.5223308363883081e+00
5.5714182216006485e+00
5.6205056068129888e+00
5.6695929920253301e+00
5.7186803772376704e+00
5.7677677624500108e+00
5.8168551476623511e+00
5.8659425328746915e+00
5.9150299180870318e+00
5.9641173032993731e+00
6.0132046885117134e+00
6.0622920737240538e+00
6.1113794589363941e+00
6.1604668441487345e+00
6.2095542293610757e+00
6.2586416145734161e+00
6.3077289997857564e+00
6.3568163849980968e+00
6.4059037702104371e+00
6.4549911554227783e+00
6.5040785406351187e+00
6.5531659258474591e+00
6.6022533110597994e+00
6.6513406962721398e+00
6.7004280814844810e+00
6.7495154666968213e+00
6.7986028519091617e+00
6.8476902371215020e+00
6.8967776223338424e+00
6.9458650075461827e+00
6.9949523927585240e+00
7.0440397779708643e+00
7.0931271631832047e+00
7.1422145483955450e+00
7.1913019336078854e+00
7.2403893188202266e+00
7.2894767040325670e+00
7.3385640892449073e+00
7.3876514744572477e+00
7.4367388596695880e+00
7.4858262448819284e+00
7.5349136300942696e+00
7.5840010153066100e+00
7.6330884005189503e+00
7.6821757857312907e+00
7.7312631709436310e+00
7.7803505561559723e+00
7.8294379413683126e+00
5.4486481362480199e-01
-4.2411349543739174e-01
8.5392938893303882e-01
1.5953400194010667e+00
1.6444274046134073e+00
1.6935147898257479e+00
1.7426021750380882e+00
1.7916895602504288e+00
1.8407769454627694e+00
1.8898643306751097e+00
1.9389517158874503e+00
1.9880391010997909e+00
2.0371264863121312e+00
2.0862138715244720e+00
2.1353012567368124e+00
2.1843886419491527e+00
2.2334760271614935e+00
2.2825634123738339e+00
2.3316507975861747e+00
2.3807381827985150e+00
2.4298255680108554e+00
2.4789129532231962e+00
2.5280003384355365e+00
2.5770877236478773e+00
2.6261751088602177e+00
2.6752624940725580e+00
2.7243498792848984e+00
2.7734372644972392e+00
2.8225246497095799e+00
2.8716120349219203e+00
2.9206994201342606e+00
2.9697868053466010e+00
3.0188741905589418e+00
3.0679615757712821e+00
3.1170489609836229e+00
3.1661363461959633e+00
3.2152237314083036e+00
3.2643111166206444e+00
3.3133985018329848e+00
3.3624858870453256e+00
3.4115732722576659e+00
3.4606606574700063e+00
3.5097480426823466e+00
3.5588354278946874e+00
3.6079228131070278e+00
3.6570101983193686e+00
3.7060975835317089e+00
3.7551849687440493e+00
3.8042723539563901e+00
3.8533597391687304e+00
3.9024471243810712e+00
3.9515345095934116e+00
4.0006218948057519e+00
4.0497092800180932e+00
4.0987966652304335e+00
4.1478840504427739e+00
4.1969714356551142e+00
4.2460588208674546e+00
4.2951462060797949e+00
4.3442335912921353e+00
4.3933209765044756e+00
4.4424083617168169e+00
4.4914957469291572e+00
4.5405831321414976e+00
4.5896705173538388e+00
4.6387579025661791e+00
4.6878452877785195e+00
4.7369326729908598e+00
4.7860200582032002e+00
4.8351074434155406e+00
4.8841948286278809e+00
4.9332822138402221e+00
4.9823695990525625e+00
5.0314569842649028e+00
5.0805443694772441e+00
5.1296317546895844e+00
5.1787191399019248e+00
5.2278065251142651e+00
5.2768939103266055e+00
5.3259812955389458e+00
5.3750686807512862e+00
5.4241560659636265e+00
5.4732434511759678e+00
5.5223308363883081e+00
5.5714182216006485e+00
5.6205056068129888e+00
5.6695929920253301e+00
5.7186803772376704e+00
5.7677677624500108e+00
5.8168551476623511e+00
5.8659425328746915e+00
5.9150299180870318e+00
5.9641173032993731e+00
6.0132046885117134e+00
6.0622920737240538e+00
6.1113794589363941e+00
6.1604668441487345e+00
6.2095542293610757e+00
6.2586416145734161e+00
6.3077289997857564e+00
6.3568163849980968e+00
6.4059037702104371e+00
6.4549911554227783e+00
6.5040785406351187e+00
6.5531659258474591e+00
6.6022533110597994e+00
6.6513406962721398e+00
6.7004280814844810e+00
6.7495154666968213e+00
6.7986028519091617e+00
6.8476902371215020e+00
6.8967776223338424e+00
6.9458650075461827e+00
6.9949523927585240e+00
7.0440397779708643e+00
7.0931271631832047e+00
7.1422145483955450e+00
7.1913019336078854e+00
7.2403893188202266e+00
7.2894767040325670e+00
7.3385640892449073e+00
7.3876514744572477e+00
7.4367388596695880e+00
7.4858262448819284e+00
7.5349136300942696e+00
7.5840010153066100e+00
7.6330884005189503e+00
7.6821757857312907e+00
7.7312631709436310e+00
7.7803505561559723e+00
7.8294379413683126e+00
6.7280005103832352e-01
-2.8382598271443582e-01
4.2238809832047841e-01
1.5953400194010667e+00
1.6444274046134073e+00
1.6935147898257479e+00
1.7426021750380882e+00
1.7916895602504288e+00
1.8407769454627694e+00
1.8898643306751097e+00
1.9389517158874503e+00
1.9880391010997909e+00
2.0371264863121312e+00
2.0862138715244720e+00
2.1353012567368124e+00
2.1843886419491527e+00
2.2334760271614935e+00
2.2825634123738339e+00
2.3316507975861747e+00
2.3807381827985150e+00
2.4298255680108554e+00
2.4789129532231962e+00
2.5280003384355365e+00
2.5770877236478773e+00
2.6261751088602177e+00
2.6752624940725580e+00
2.7243498792848984e+00
2.7734372644972392e+00
2.8225246497095799e+00
2.8716120349219203e+00
2.9206994201342606e+00
2.9697868053466010e+00
3.0188741905589418e+00
3.0679615757712821e+00
3.1170489609836229e+00
3.1661363461959633e+00
3.2152237314083036e+00
3.2643111166206444e+00
3.3133985018329848e+00
3.3624858870453256e+00
3.4115732722576659e+00
3.4606606574700063e+00
3.5097480426823466e+00
3.5588354278946874e+00
3.6079228131070278e+00
3.6570101983193686e+00
3.7060975835317089e+00
3.7551849687440493e+00
3.8042723539563901e+00
3.8533597391687304e+00
3.9024471243810712e+00
3.9515345095934116e+00
4.0006218948057519e+00
4.0497092800180932e+00
4.0987966652304335e+00
4.1478840504427739e+00
4.1969714356551142e+00
4.2460588208674546e+00
4.2951462060797949e+00
4.3442335912921353e+00
4.3933209765044756e+00
4.4424083617168169e+00
4.4914957469291572e+00
4.5405831321414976e+00
4.5896705173538388e+00
4.6387579025661791e+00
4.6878452877785195e+00
4.7369326729908598e+00
4.7860200582032002e+00
4.8351074434155406e+00
4.8841948286278809e+00
4.9332822138402221e+00
4.9823695990525625e+00
5.0314569842649028e+00
5.0805443694772441e+00
5.1296317546895844e+00
5.1787191399019248e+00
5.2278065251142651e+00
5.2768939103266055e+00
5.3259812955389458e+00
5.3750686807512862e+00
5.4241560659636265e+00
5.4732434511759678e+00
5.5223308363883081e+00
5.5714182216006485e+00
5.6205056068129888e+00
5.6695929920253301e+00
5.7186803772376704e+00
5.7677677624500108e+00
5.8168551476623511e+00
5.8659425328746915e+00
5.9150299180870318e+00
5.9641173032993731e+00
6.0132046885117134e+00
6.0622920737240538e+00
6.1113794589363941e+00
6.1604668441487345e+00
6.2095542293610757e+00
6.2586416145734161e+00
6.3077289997857564e+00
6.3568163849980968e+00
6.4059037702104371e+00
6.4549911554227783e+00
6.5040785406351187e+00
6.5531659258474591e+00
6.6022533110597994e+00
6.6513406962721398e+00
6.7004280814844810e+00
6.7495154666968213e+00
6.7986028519091617e+00
6.8476902371215020e+00
6.8967776223338424e+00
6.9458650075461827e+00
6.9949523927585240e+00
7.0440397779708643e+00
7.0931271631832047e+00
7.1422145483955450e+00
7.1913019336078854e+00
7.2403893188202266e+00
7.2894767040325670e+00
7.3385640892449073e+00
7.3876514744572477e+00
7.4367388596695880e+00
7.4858262448819284e+00
7.5349136300942696e+00
7.5840010153066100e+00
7.6330884005189503e+00
7.6821757857312907e+00
7.7312631709436310e+00
7.7803505561559723e+00
7.8294379413683126e+00
8.3079188130820958e-01
-7.4834145057815649e-01
-4.9930519099873338e-01
1.5953400194010667e+00
1.6444274046134073e+00
1.6935147898257479e+00
1.7426021750380882e+00
1.7916895602504288e+00
1.8407769454627694e+00
1.8898643306751097e+00
1.9389517158874503e+00
1.9880391010997909e+00
2.0371264863121312e+00
2.0862138715244720e+00
2.1353012567368124e+00
2.1843886419491527e+00
2.2334760271614935e+00
2.2825634123738339e+00
2.3316507975861747e+00
2.3807381827985150e+00
2.4298255680108554e+00
2.4789129532231962e+00
2.5280003384355365e+00
2.5770877236478773e+00
2.6261751088602177e+00
2.6752624940725580e+00
2.7243498792848984e+00
2.7734372644972392e+00
2.8225246497095799e+00
2.8716120349219203e+00
2.9206994201342606e+00
2.9697868053466010e+00
3.0188741905589418e+00
3.0679615757712821e+00
3.1170489609836229e+00
3.1661363461959633e+00
3.2152237314083036e+00
3.2643111166206444e+00
3.3133985018329848e+00
3.3624858870453256e+00
3.4115732722576659e+00
3.4606606574700063e+00
3.5097480426823466e+00
3.5588354278946874e+00
3.6079228131070278e+00
3.6570101983193686e+00
3.7060975835317089e+00
3.7551849687440493e+00
3.8042723539563901e+00
3.8533597391687304e+00
3.9024471243810712e+00
3.9515345095934116e+00
4.0006218948057519e+00
4.0497092800180932e+00
4.0987966652304335e+00
4.1478840504427739e+00
4.1969714356551142e+00
4.2460588208674546e+00
4.2951462060797949e+00
4.3442335912921353e+00
4.3933209765044756e+00
4.4424083617168169e+00
4.4914957469291572e+00
4.5405831321414976e+00
4.5896705173538388e+00
4.6387579025661791e+00
4.6878452877785195e+00
4.7369326729908598e+00
4.7860200582032002e+00
4.8351074434155406e+00
4.8841948286278809e+00
4.9332822138402221e+00
4.9823695990525625e+00
5.0314569842649028e+00
5.0805443694772441e+00
5.1296317546895844e+00
5.1787191399019248e+00
5.2278065251142651e+00
5.2768939103266055e+00
5.3259812955389458e+00
5.3750686807512862e+00
5.4241560659636265e+00
5.4732434511759678e+00
5.5223308363883081e+00
5.5714182216006485e+00
5.6205056068129888e+00
5.6695929920253301e+00
5.7186803772376704e+00
5.7677677624500108e+00
5.8168551476623511e+00
5.8659425328746915e+00
5.9150299180870318e+00
5.9641173032993731e+00
6.0132046885117134e+00
6.0622920737240538e+00
6.1113794589363941e+00
6.1604668441487345e+00
6.2095542293610757e+00
6.2586416145734161e+00
6.3077289997857564e+00
6.3568163849980968e+00
6.4059037702104371e+00
6.4549911554227783e+00
6.5040785406351187e+00
6.5531659258474591e+00
6.6022533110597994e+00
6.6513406962721398e+00
6.7004280814844810e+00
6.7495154666968213e+00
6.7986028519091617e+00
6.8476902371215020e+00
6.8967776223338424e+00
6.9458650075461827e+00
6.9949523927585240e+00
7.0440397779708643e+00
7.0931271631832047e+00
7.1422145483955450e+00
7.1913019336078854e+00
7.2403893188202266e+00
7.2894767040325670e+00
7.3385640892449073e+00
7.3876514744572477e+00
7.4367388596695880e+00
7.4858262448819284e+00
7.5349136300942696e+00
7.5840010153066100e+00
7.6330884005189503e+00
7.6821757857312907e+00
7.7312631709436310e+00
7.7803505561559723e+00
7.8294379413683126e+00
9.5885437622282688e-01
7.8239104625039446e-01
3.8776032349204015e-01
1.5953400194010667e+00
1.6444274046134073e+00
1.6935147898257479e+00
1.7426021750380882e+00
1.7916895602504288e+00
1.8407769454627694e+00
1.8898643306751097e+00
1.9389517158874503e+00
1.9880391010997909e+00
2.0371264863121312e+00
2.0862138715244720e+00
2.1353012567368124e+00
2.1843886419491527e+00
2.2334760271614935e+00
2.2825634123738339e+00
2.3316507975861747e+00
2.3807381827985150e+00
2.4298255680108554e+00
2.4789129532231962e+00
2.5280003384355365e+00
2.5770877236478773e+00
2.6261751088602177e+00
2.6752624940725580e+00
2.7243498792848984e+00
2.7734372644972392e+00
2.8225246497095799e+00
2.8716120349219203e+00
2.9206994201342606e+00
2.9697868053466010e+00
3.0188741905589418e+00
3.0679615757712821e+00
3.1170489609836229e+00
3.1661363461959633e+00
3.2152237314083036e+00
3.2643111166206444e+00
3.3133985018329848e+00
3.3624858870453256e+00
3.4115732722576659e+00
3.4606606574700063e+00
3.5097480426823466e+00
3.5588354278946874e+00
3.6079228131070278e+00
3.6570101983193686e+00
3.7060975835317089e+00
3.7551849687440493e+00
3.8042723539563901e+00
3.8533597391687304e+00
3.9024471243810712e+00
3.9515345095934116e+00
4.0006218948057519e+00
4.0497092800180932e+00
4.0987966652304335e+00
4.1478840504427739e+00
4.1969714356551142e+00
4.2460588208674546e+00
4.2951462060797949e+00
4.3442335912921353e+00
4.3933209765044756e+00
4.4424083617168169e+00
4.4914957469291572e+00
4.5405831321414976e+00
4.5896705173538388e+00
4.6387579025661791e+00
4.6878452877785195e+00
4.7369326729908598e+00
4.7860200582032002e+00
4.8351074434155406e+00
4.8841948286278809e+00
4.9332822138402221e+00
4.9823695990525625e+00
5.0314569842649028e+00
5.0805443694772441e+00
5.1296317546895844e+00
5.1787191399019248e+00
5.2278065251142651e+00
5.2768939103266055e+00
5.3259812955389458e+00
5.3750686807512862e+00
5.4241560659636265e+00
5.4732434511759678e+00
5.5223308363883081e+00
5.5714182216006485e+00
5.6205056068129888e+00
5.6695929920253301e+00
5.7186803772376704e+00
5.7677677624500108e+00
5.8168551476623511e+00
5.8659425328746915e+00
5.9150299180870318e+00
5.9641173032993731e+00
6.0132046885117134e+00
6.0622920737240538e+00
6.1113794589363941e+00
6.1604668441487345e+00
6.2095542293610757e+00
6.2586416145734161e+00
6.3077289997857564e+00
6.3568163849980968e+00
6.4059037702104371e+00
6.4549911554227783e+00
6.5040785406351187e+00
6.5531659258474591e+00
6.6022533110597994e+00
6.6513406962721398e+00
6.7004280814844810e+00
6.7495154666968213e+00
6.7986028519091617e+00
6.8476902371215020e+00
6.8967776223338424e+00
6.9458650075461827e+00
6.9949523927585240e+00
7.0440397779708643e+00
7.0931271631832047e+00
7.1422145483955450e+00
7.1913019336078854e+00
7.2403893188202266e+00
7.2894767040325670e+00
7.3385640892449073e+00
7.3876514744572477e+00
7.4367388596695880e+00
7.4858262448819284e+00
7.5349136300942696e+00
7.5840010153066100e+00
7.6330884005189503e+00
7.6821757857312907e+00
7.7312631709436310e+00
7.7803505561559723e+00
7.8294379413683126e+00
7.6715386767553562e-01
-7.2106423164943467e-01
7.6541708700042088e-01
1.5953400194010667e+00
1.6444274046134073e+00
1.6935147898257479e+00
1.7426021750380882e+00
1.7916895602504288e+00
1.8407769454627694e+00
1.8898643306751097e+00
1.9389517158874503e+00
1.9880391010997909e+00
2.0371264863121312e+00
2.0862138715244720e+00
2.1353012567368124e+00
2.1843886419491527e+00
2.2334760271614935e+00
2.2825634123738339e+00
2.3316507975861747e+00
2.3807381827985150e+00
2.4298255680108554e+00
2.4789129532231962e+00
2.5280003384355365e+00
2.5770877236478773e+00
2.6261751088602177e+00
2.6752624940725580e+00
2.7243498792848984e+00
2.7734372644972392e+00
2.8225246497095799e+00
2.8716120349219203e+00
2.9206994201342606e+00
2.9697868053466010e+00
3.0188741905589418e+00
3.0679615757712821e+00
3.1170489609836229e+00
3.1661363461959633e+00
3.2152237314083036e+00
3.2643111166206444e+00
3.3133985018329848e+00
3.3624858870453256e+00
3.4115732722576659e+00
3.4606606574700063e+00
3.5097480426823466e+00
3.5588354278946874e+00
3.6079228131070278e+00
3.6570101983193686e+00
3.7060975835317089e+00
3.7551849687440493e+00
3.8042723539563901e+00
3.8533597391687304e+00
3.9024471243810712e+00
3.9515345095934116e+00
4.0006218948057519e+00
4.0497092800180932e+00
4.0987966652304335e+00
4.1478840504427739e+00
4.1969714356551142e+00
4.2460588208674546e+00
4.2951462060797949e+00
4.3442335912921353e+00
4.3933209765044756e+00
4.4424083617168169e+00
4.4914957469291572e+00
4.5405831321414976e+00
4.5896705173538388e+00
4.6387579025661791e+00
4.6878452877785195e+00
4.7369326729908598e+00
4.7860200582032002e+00
4.8351074434155406e+00
4.8841948286278809e+00
4.9332822138402221e+00
4.9823695990525625e+00
5.0314569842649028e+00
5.0805443694772441e+00
5.1296317546895844e+00
5.1787191399019248e+00
5.2278065251142651e+00
5.2768939103266055e+00
5.3259812955389458e+00
5.3750686807512862e+00
5.4241560659636265e+00
5.4732434511759678e+00
5.5223308363883081e+00
5.5714182216006485e+00
5.6205056068129888e+00
5.6695929920253301e+00
5.7186803772376704e+00
5.7677677624500108e+00
5.8168551476623511e+00
5.8659425328746915e+00
5.9150299180870318e+00
5.9641173032993731e+00
6.0132046885117134e+00
6.0622920737240538e+00
6.1113794589363941e+00
6.1604668441487345e+00
6.2095542293610757e+00
6.2586416145734161e+00
6.3077289997857564e+00
6.3568163849980968e+00
6.4059037702104371e+00
6.4549911554227783e+00
6.5040785406351187e+00
6.5531659258474591e+00
6.6022533110597994e+00
6.6513406962721398e+00
6.7004280814844810e+00
6.7495154666968213e+00
6.7986028519091617e+00
6.8476902371215020e+00
6.8967776223338424e+00
6.9458650075461827e+00
6.9949523927585240e+00
7.0440397779708643e+00
7.0931271631832047e+00
7.1422145483955450e+00
7.1913019336078854e+00
7.2403893188202266e+00
7.2894767040325670e+00
7.3385640892449073e+00
7.3876514744572477e+00
7.4367388596695880e+00
7.4858262448819284e+00
7.5349136300942696e+00
7.5840010153066100e+00
7.6330884005189503e+00
7.6821757857312907e+00
7.7312631709436310e+00
7.7803505561559723e+00
7.8294379413683126e+00
8.2138360895417772e-01
-5.9958940931847726e-01
2.4485364283138922e-01
1.5953400194010667e+00
1.6444274046134073e+00
1.6935147898257479e+00
1.7426021750380882e+00
1.7916895602504288e+00
1.8407769454627694e+00
1.8898643306751097e+00
1.9389517158874503e+00
1.9880391010997909e+00
2.0371264863121312e+00
2.0862138715244720e+00
2.1353012567368124e+00
2.1843886419491527e+00
2.2334760271614935e+00
2.2825634123738339e+00
2.3316507975861747e+00
2.3807381827985150e+00
2.4298255680108554e+00
2.4789129532231962e+00
2.5280003384355365e+00
2.5770877236478773e+00
2.6261751088602177e+00
2.6752624940725580e+00
2.7243498792848984e+00
2.7734372644972392e+00
2.8225246497095799e+00
2.8716120349219203e+00
2.9206994201342606e+00
2.9697868053466010e+00
3.0188741905589418e+00
3.0679615757712821e+00
3.1170489609836229e+00
3.1661363461959633e+00
3.2152237314083036e+00
3.2643111166206444e+00
3.3133985018329848e+00
3.3624858870453256e+00
3.4115732722576659e+00
3.4606606574700063e+00
3.5097480426823466e+00
3.5588354278946874e+00
3.6079228131070278e+00
3.6570101983193686e+00
3.7060975835317089e+00
3.7551849687440493e+00
3.8042723539563901e+00
3.8533597391687304e+00
3.9024471243810712e+00
3.9515345095934116e+00
4.0006218948057519e+00
4.0497092800180932e+00
4.0987966652304335e+00
4.1478840504427739e+00
4.1969714356551142e+00
4.2460588208674546e+00
4.2951462060797949e+00
4.3442335912921353e+00
4.3933209765044756e+00
4.4424083617168169e+00
4.4914957469291572e+00
4.5405831321414976e+00
4.5896705173538388e+00
4.6387579025661791e+00
4.6878452877785195e+00
4.7369326729908598e+00
4.7860200582032002e+00
4.8351074434155406e+00
4.8841948286278809e+00
4.9332822138402221e+00
4.9823695990525625e+00
5.0314569842649028e+00
5.0805443694772441e+00
5.1296317546895844e+00
5.1787191399019248e+00
5.2278065251142651e+00
5.2768939103266055e+00
5.3259812955389458e+00
5.3750686807512862e+00
5.4241560659636265e+00
5.4732434511759678e+00
5.5223308363883081e+00
5.5714182216006485e+00
5.6205056068129888e+00
5.6695929920253301e+00
5.7186803772376704e+00
5.7677677624500108e+00
5.8168551476623511e+00
5.8659425328746915e+00
5.9150299180870318e+00
5.9641173032993731e+00
6.0132046885117134e+00
6.0622920737240538e+00
6.1113794589363941e+00
6.1604668441487345e+00
6.2095542293610757e+00
6.2586416145734161e+00
6.3077289997857564e+00
6.3568163849980968e+00
6.4059037702104371e+00
6.4549911554227783e+00
6.5040785406351187e+00
6.5531659258474591e+00
6.6022533110597994e+00
6.6513406962721398e+00
6.7004280814844810e+00
6.7495154666968213e+00
6.7986028519091617e+00
6.8476902371215020e+00
6.8967776223338424e+00
6.9458650075461827e+00
6.9949523927585240e+00
7.0440397779708643e+00
7.0931271631832047e+00
7.1422145483955450e+00
7.1913019336078854e+00
7.2403893188202266e+00
7.2894767040325670e+00
7.3385640892449073e+00
7.3876514744572477e+00
7.4367388596695880e+00
7.4858262448819284e+00
7.5349136300942696e+00
7.5840010153066100e+00
7.6330884005189503e+00
7.6821757857312907e+00
7.7312631709436310e+00
7.7803505561559723e+00
7.8294379413683126e+00
7.3571096416850112e-01
-4.9393931381746259e-01
5.8115637314033353e-01
1.5953400194010667e+00
1.6444274046134073e+00
1.6935147898257479e+00
1.7426021750380882e+00
1.7916895602504288e+00
1.8407769454627694e+00
1.8898643306751097e+00
1.9389517158874503e+00
1.9880391010997909e+00
2.0371264863121312e+00
2.0862138715244720e+00
2.1353012567368124e+00
2.1843886419491527e+00
2.2334760271614935e+00
2.2825634123738339e+00
2.3316507975861747e+00
2.3807381827985150e+00
2.4298255680108554e+00
2.4789129532231962e+00
2.5280003384355365e+00
2.5770877236478773e+00
2.6261751088602177e+00
2.6752624940725580e+00
2.7243498792848984e+00
2.7734372644972392e+00
2.8225246497095799e+00
2.8716120349219203e+00
2.9206994201342606e+00
2.9697868053466010e+00
3.0188741905589418e+00
3.0679615757712821e+00
3.1170489609836229e+00
3.1661363461959633e+00
3.2152237314083036e+00
3.2643111166206444e+00
3.3133985018329848e+00
3.3624858870453256e+00
3.4115732722576659e+00
3.4606606574700063e+00
3.5097480426823466e+00
3.5588354278946874e+00
3.6079228131070278e+00
3.6570101983193686e+00
3.7060975835317089e+00
3.7551849687440493e+00
3.8042723539563901e+00
3.8533597391687304e+00
3.9024471243810712e+00
3.9515345095934116e+00
4.0006218948057519e+00
4.0497092800180932e+00
4.0987966652304335e+00
4.1478840504427739e+00
4.1969714356551142e+00
4.2460588208674546e+00
4.2951462060797949e+00
4.3442335912921353e+00
4.3933209765044756e+00
4.4424083617168169e+00
4.4914957469291572e+00
4.5405831321414976e+00
4.5896705173538388e+00
4.6387579025661791e+00
4.6878452877785195e+00
4.7369326729908598e+00
4.7860200582032002e+00
4.8351074434155406e+00
4.8841948286278809e+00
4.9332822138402221e+00
4.9823695990525625e+00
5.0314569842649028e+00
5.0805443694772441e+00
5.1296317546895844e+00
5.1787191399019248e+00
5.2278065251142651e+00
5.2768939103266055e+00
5.3259812955389458e+00
5.3750686807512862e+00
5.4241560659636265e+00
5.4732434511759678e+00
5.5223308363883081e+00
5.5714182216006485e+00
5.6205056068129888e+00
5.6695929920253301e+00
5.7186803772376704e+00
5.7677677624500108e+00
5.8168551476623511e+00
5.8659425328746915e+00
5.9150299180870318e+00
5.9641173032993731e+00
6.0132046885117134e+00
6.0622920737240538e+00
6.1113794589363941e+00
6.1604668441487345e+00
6.2095542293610757e+00
6.2586416145734161e+00
6.3077289997857564e+00
6.3568163849980968e+00
6.4059037702104371e+00
6.4549911554227783e+00
6.5040785406351187e+00
6.5531659258474591e+00
6.6022533110597994e+00
6.6513406962721398e+00
6.7004280814844810e+00
6.7495154666968213e+00
6.7986028519091617e+00
6.8476902371215020e+00
6.8967776223338424e+00
6.9458650075461827e+00
6.9949523927585240e+00
7.0440397779708643e+00
7.0931271631832047e+00
7.1422145483955450e+00
7.1913019336078854e+00
7.2403893188202266e+00
7.2894767040325670e+00
7.3385640892449073e+00
7.3876514744572477e+00
7.4367388596695880e+00
7.4858262448819284e+00
7.5349136300942696e+00
7.5840010153066100e+00
7.6330884005189503e+00
7.6821757857312907e+00
7.7312631709436310e+00
7.7803505561559723e+00
7.8294379413683126e+00
1.0923338804803531e+00
-6.4398879179076163e-02
6.5906278378617711e-01
1.5953400194010667e+00
1.6444274046134073e+00
1.6935147898257479e+00
1.7426021750380882e+00
1.7916895602504288e+00
1.8407769454627694e+00
1.8898643306751097e+00
1.9389517158874503e+00
1.9880391010997909e+00
2.0371264863121312e+00
2.0862138715244720e+00
2.1353012567368124e+00
2.1843886419491527e+00
2.2334760271614935e+00
2.2825634123738339e+00
2.3316507975861747e+00
2.3807381827985150e+00
2.4298255680108554e+00
2.4789129532231962e+00
2.5280003384355365e+00
2.5770877236478773e+00
2.6261751088602177e+00
2.6752624940725580e+00
2.7243498792848984e+00
2.7734372644972392e+00
2.8225246497095799e+00
2.8716120349219203e+00
2.9206994201342606e+00
2.9697868053466010e+00
3.0188741905589418e+00
3.0679615757712821e+00
3.1170489609836229e+00
3.1661363461959633e+00
3.2152237314083036e+00
3.2643111166206444e+00
3.3133985018329848e+00
3.3624858870453256e+00
3.4115732722576659e+00
3.4606606574700063e+00
3.5097480426823466e+00
3.5588354278946874e+00
3.6079228131070278e+00
3.6570101983193686e+00
3.7060975835317089e+00
3.7551849687440493e+00
3.8042723539563901e+00
3.8533597391687304e+00
3.9024471243810712e+00
3.9515345095934116e+00
4.0006218948057519e+00
4.0497092800180932e+00
4.0987966652304335e+00
4.1478840504427739e+00
4.1969714356551142e+00
4.2460588208674546e+00
4.2951462060797949e+00
4.3442335912921353e+00
4.3933209765044756e+00
4.4424083617168169e+00
4.4914957469291572e+00
4.5405831321414976e+00
4.5896705173538388e+00
4.6387579025661791e+00
4.6878452877785195e+00
4.7369326729908598e+00
4.7860200582032002e+00
4.8351074434155406e+00
4.8841948286278809e+00
4.9332822138402221e+00
4.9823695990525625e+00
5.0314569842649028e+00
5.0805443694772441e+00
5.1296317546895844e+00
5.1787191399019248e+00
5.2278065251142651e+00
5.2768939103266055e+00
5.3259812955389458e+00
5.3750686807512862e+00
5.4241560659636265e+00
5.4732434511759678e+00
5.5223308363883081e+00
5.5714182216006485e+00
5.6205056068129888e+00
5.6695929920253301e+00
5.7186803772376704e+00
5.7677677624500108e+00
5.8168551476623511e+00
5.8659425328746915e+00
5.9150299180870318e+00
5.9641173032993731e+00
6.0132046885117134e+00
6.0622920737240538e+00
6.1113794589363941e+00
6.1604668441487345e+00
6.2095542293610757e+00
6.2586416145734161e+00
6.3077289997857564e+00
6.3568163849980968e+00
6.4059037702104371e+00
6.4549911554227783e+00
6.5040785406351187e+00
6.5531659258474591e+00
6.6022533110597994e+00
6.6513406962721398e+00
6.7004280814844810e+00
6.7495154666968213e+00
6.7986028519091617e+00
6.8476902371215020e+00
6.8967776223338424e+00
6.9458650075461827e+00
6.9949523927585240e+00
7.0440397779708643e+00
7.0931271631832047e+00
7.1422145483955450e+00
7.1913019336078854e+00
7.2403893188202266e+00
7.2894767040325670e+00
7.3385640892449073e+00
7.3876514744572477e+00
7.4367388596695880e+00
7.4858262448819284e+00
7.5349136300942696e+00
7.5840010153066100e+00
7.6330884005189503e+00
7.6821757857312907e+00
7.7312631709436310e+00
7.7803505561559723e+00
7.8294379413683126e+00
7.2729907966627283e-01
1.2097273420940424e-01
-6.0018376082508240e-01
1.5953400194010667e+00
1.6444274046134073e+00
1.6935147898257479e+00
1.7426021750380882e+00
1.7916895602504288e+00
1.8407769454627694e+00
1.8898643306751097e+00
1.9389517158874503e+00
1.9880391010997909e+00
2.0371264863121312e+00
2.0862138715244720e+00
2.1353012567368124e+00
2.1843886419491527e+00
2.2334760271614935e+00
2.2825634123738339e+00
2.3316507975861747e+00
2.3807381827985150e+00
2.4298255680108554e+00
2.4789129532231962e+00
2.5280003384355365e+00
2.5770877236478773e+00
2.6261751088602177e+00
2.6752624940725580e+00
2.7243498792848984e+00
2.7734372644972392e+00
2.8225246497095799e+00
2.8716120349219203e+00
2.9206994201342606e+00
2.9697868053466010e+00
3.0188741905589418e+00
3.0679615757712821e+00
3.1170489609836229e+00
3.1661363461959633e+00
3.2152237314083036e+00
3.2643111166206444e+00
3.3133985018329848e+00
3.3624858870453256e+00
3.4115732722576659e+00
3.4606606574700063e+00
3.5097480426823466e+00
3.5588354278946874e+00
3.6079228131070278e+00
3.6570101983193686e+00
3.7060975835317089e+00
3.7551849687440493e+00
3.8042723539563901e+00
3.8533597391687304e+00
3.9024471243810712e+00
3.9515345095934116e+00
4.0006218948057519e+00
4.0497092800180932e+00
4.0987966652304335e+00
4.1478840504427739e+00
4.1969714356551142e+00
4.2460588208674546e+00
4.2951462060797949e+00
4.3442335912921353e+00
4.3933209765044756e+00
4.4424083617168169e+00
4.4914957469291572e+00
4.5405831321414976e+00
4.5896705173538388e+00
4.6387579025661791e+00
4.6878452877785195e+00
4.7369326729908598e+00
4.7860200582032002e+00
4.8351074434155406e+00
4.8841948286278809e+00
4.9332822138402221e+00
4.9823695990525625e+00
5.0314569842649028e+00
5.0805443694772441e+00
5.1296317546895844e+00
5.1787191399019248e+00
5.2278065251142651e+00
5.2768939103266055e+00
5.3259812955389458e+00
5.3750686807512862e+00
5.4241560659636265e+00
5.4732434511759678e+00
5.5223308363883081e+00
5.5714182216006485e+00
5.6205056068129888e+00
5.6695929920253301e+00
5.7186803772376704e+00
5.7677677624500108e+00
5.8168551476623511e+00
5.8659425328746915e+00
5.9150299180870318e+00
5.9641173032993731e+00
6.0132046885117134e+00
6.0622920737240538e+00
6.1113794589363941e+00
6.1604668441487345e+00
6.2095542293610757e+00
6.2586416145734161e+00
6.3077289997857564e+00
6.3568163849980968e+00
6.4059037702104371e+00
6.4549911554227783e+00
6.5040785406351187e+00
6.5531659258474591e+00
6.6022533110597994e+00
6.6513406962721398e+00
6.7004280814844810e+00
6.7495154666968213e+00
6.7986028519091617e+00
6.8476902371215020e+00
6.8967776223338424e+00
6.9458650075461827e+00
6.9949523927585240e+00
7.0440397779708643e+00
7.0931271631832047e+00
7.1422145483955450e+00
7.1913019336078854e+00
7.2403893188202266e+00
7.2894767040325670e+00
7.3385640892449073e+00
7.3876514744572477e+00
7.4367388596695880e+00
7.4858262448819284e+00
7.5349136300942696e+00
7.5840010153066100e+00
7.6330884005189503e+00
7.6821757857312907e+00
7.7312631709436310e+00
7.7803505561559723e+00
7.8294379413683126e+00
7.1008495044828668e-01
5.0337632933244847e-01
-3.2443603386533981e-01
1.5953400194010667e+00
1.6444274046134073e+00
1.6935147898257479e+00
1.7426021750380882e+00
1.7916895602504288e+00
1.8407769454627694e+00
1.8898643306751097e+00
1.9389517158874503e+00
1.9880391010997909e+00
2.0371264863121312e+00
2.0862138715244720e+00
2.1353012567368124e+00
2.1843886419491527e+00
2.2334760271614935e+00
2.2825634123738339e+00
2.3316507975861747e+00
2.3807381827985150e+00
2.4298255680108554e+00
2.4789129532231962e+00
2.5280003384355365e+00
2.5770877236478773e+00
2.6261751088602177e+00
2.6752624940725580e+00
2.7243498792848984e+00
2.7734372644972392e+00
2.8225246497095799e+00
2.8716120349219203e+00
2.9206994201342606e+00
2.9697868053466010e+00
3.0188741905589418e+00
3.0679615757712821e+00
3.1170489609836229e+00
3.1661363461959633e+00
3.2152237314083036e+00
3.2643111166206444e+00
3.3133985018329848e+00
3.3624858870453256e+00
3.4115732722576659e+00
3.4606606574700063e+00
3.5097480426823466e+00
3.5588354278946874e+00
3.6079228131070278e+00
3.6570101983193686e+00
3.7060975835317089e+00
3.7551849687440493e+00
3.8042723539563901e+00
3.8533597391687304e+00
3.9024471243810712e+00
3.9515345095934116e+00
4.0006218948057519e+00
4.0497092800180932e+00
4.0987966652304335e+00
4.1478840504427739e+00
4.1969714356551142e+00
4.2460588208674546e+00
4.2951462060797949e+00
4.3442335912921353e+00
4.3933209765044756e+00
4.4424083617168169e+00
4.4914957469291572e+00
4.5405831321414976e+00
4.5896705173538388e+00
4.6387579025661791e+00
4.6878452877785195e+00
4.7369326729908598e+00
4.7860200582032002e+00
4.8351074434155406e+00
4.8841948286278809e+00
4.9332822138402221e+00
4.9823695990525625e+00
5.0314569842649028e+00
5.0805443694772441e+00
5.1296317546895844e+00
5.1787191399019248e+00
5.2278065251142651e+00
5.2768939103266055e+00
5.3259812955389458e+00
5.3750686807512862e+00
5.4241560659636265e+00
5.4732434511759678e+00
5.5223308363883081e+00
5.5714182216006485e+00
5.6205056068129888e+00
5.6695929920253301e+00
5.7186803772376704e+00
5.7677677624500108e+00
5.8168551476623511e+00
5.8659425328746915e+00
5.9150299180870318e+00
5.9641173032993731e+00
6.0132046885117134e+00
6.0622920737240538e+00
6.1113794589363941e+00
6.1604668441487345e+00
6.2095542293610757e+00
6.2586416145734161e+00
6.3077289997857564e+00
6.3568163849980968e+00
6.4059037702104371e+00
6.4549911554227783e+00
6.5040785406351187e+00
6.5531659258474591e+00
6.6022533110597994e+00
6.6513406962721398e+00
6.7004280814844810e+00
6.7495154666968213e+00
6.7986028519091617e+00
6.8476902371215020e+00
6.8967776223338424e+00
6.9458650075461827e+00
6.9949523927585240e+00
7.0440397779708643e+00
7.0931271631832047e+00
7.1422145483955450e+00
7.1913019336078854e+00
7.2403893188202266e+00
7.2894767040325670e+00
7.3385640892449073e+00
7.3876514744572477e+00
7.4367388596695880e+00
7.4858262448819284e+00
7.5349136300942696e+00
7.5840010153066100e+00
7.6330884005189503e+00
7.6821757857312907e+00
7.7312631709436310e+00
7.7803505561559723e+00
7.8294379413683126e+00
4.5780619705078107e-01
6.6320813221002983e-01
-5.2243519234080749e-01
1.5953400194010667e+00
1.6444274046134073e+00
1.6935147898257479e+00
1.7426021750380882e+00
1.7916895602504288e+00
1.8407769454627694e+00
1.8898643306751097e+00
1.9389517158874503e+00
1.9880391010997909e+00
2.0371264863121312e+00
2.0862138715244720e+00
2.1353012567368124e+00
2.1843886419491527e+00
2.2334760271614935e+00
2.2825634123738339e+00
2.3316507975861747e+00
2.3807381827985150e+00
2.4298255680108554e+00
2.4789129532231962e+00
2.5280003384355365e+00
2.5770877236478773e+00
2.6261751088602177e+00
2.6752624940725580e+00
2.7243498792848984e+00
2.7734372644972392e+00
2.8225246497095799e+00
2.8716120349219203e+00
2.9206994201342606e+00
2.9697868053466010e+00
3.0188741905589418e+00
3.0679615757712821e+00
3.1170489609836229e+00
3.1661363461959633e+00
3.2152237314083036e+00
3.2643111166206444e+00
3.3133985018329848e+00
3.3624858870453256e+00
3.4115732722576659e+00
3.4606606574700063e+00
3.5097480426823466e+00
3.5588354278946874e+00
3.6079228131070278e+00
3.6570101983193686e+00
3.7060975835317089e+00
3.7551849687440493e+00
3.8042723539563901e+00
3.8533597391687304e+00
3.9024471243810712e+00
3.9515345095934116e+00
4.0006218948057519e+00
4.0497092800180932e+00
4.0987966652304335e+00
4.1478840504427739e+00
4.1969714356551142e+00
4.2460588208674546e+00
4.2951462060797949e+00
4.3442335912921353e+00
4.3933209765044756e+00
4.4424083617168169e+00
4.4914957469291572e+00
4.5405831321414976e+00
4.5896705173538388e+00
4.6387579025661791e+00
4.6878452877785195e+00
4.7369326729908598e+00
4.7860200582032002e+00
4.8351074434155406e+00
4.8841948286278809e+00
4.9332822138402221e+00
4.9823695990525625e+00
5.0314569842649028e+00
5.0805443694772441e+00
5.1296317546895844e+00
5.1787191399019248e+00
5.2278065251142651e+00
5.2768939103266055e+00
5.3259812955389458e+00
5.3750686807512862e+00
5.4241560659636265e+00
5.4732434511759678e+00
5.5223308363883081e+00
5.5714182216006485e+00
5.6205056068129888e+00
5.6695929920253301e+00
5.7186803772376704e+00
5.7677677624500108e+00
5.8168551476623511e+00
5.8659425328746915e+00
5.9150299180870318e+00
5.9641173032993731e+00
6.0132046885117134e+00
6.0622920737240538e+00
6.1113794589363941e+00
6.1604668441487345e+00
6.2095542293610757e+00
6.2586416145734161e+00
6.3077289997857564e+00
6.3568163849980968e+00
6.4059037702104371e+00
6.4549911554227783e+00
6.5040785406351187e+00
6.5531659258474591e+00
6.6022533110597994e+00
6.6513406962721398e+00
6.7004280814844810e+00
6.7495154666968213e+00
6.7986028519091617e+00
6.8476902371215020e+00
6.8967776223338424e+00
6.9458650075461827e+00
6.9949523927585240e+00
7.0440397779708643e+00
7.0931271631832047e+00
7.1422145483955450e+00
7.1913019336078854e+00
7.2403893188202266e+00
7.2894767040325670e+00
7.3385640892449073e+00
7.3876514744572477e+00
7.4367388596695880e+00
7.4858262448819284e+00
7.5349136300942696e+00
7.5840010153066100e+00
7.6330884005189503e+00
7.6821757857312907e+00
7.7312631709436310e+00
7.7803505561559723e+00
7.8294379413683126e+00
8.9559872680128860e-01
5.0533916165104165e-01
7.2494473805418891e-01
1.5953400194010667e+00
1.6444274046134073e+00
1.6935147898257479e+00
1.7426021750380882e+00
1.7916895602504288e+00
1.8407769454627694e+00
1.8898643306751097e+00
1.9389517158874503e+00
1.9880391010997909e+00
2.0371264863121312e+00
2.0862138715244720e+00
2.1353012567368124e+00
2.1843886419491527e+00
2.2334760271614935e+00
2.2825634123738339e+00
2.3316507975861747e+00
2.3807381827985150e+00
2.4298255680108554e+00
2.4789129532231962e+00
2.5280003384355365e+00
2.5770877236478773e+00
2.6261751088602177e+00
2.6752624940725580e+00
2.7243498792848984e+00
2.7734372644972392e+00
2.8225246497095799e+00
2.8716120349219203e+00
2.9206994201342606e+00
2.9697868053466010e+00
3.0188741905589418e+00
3.0679615757712821e+00
3.1170489609836229e+00
3.1661363461959633e+00
3.2152237314083036e+00
3.2643111166206444e+00
3.3133985018329848e+00
3.3624858870453256e+00
3.4115732722576659e+00
3.4606606574700063e+00
3.5097480426823466e+00
3.5588354278946874e+00
3.6079228131070278e+00
3.6570101983193686e+00
3.7060975835317089e+00
3.7551849687440493e+00
3.8042723539563901e+00
3.8533597391687304e+00
3.9024471243810712e+00
3.9515345095934116e+00
4.0006218948057519e+00
4.0497092800180932e+00
4.0987966652304335e+00
4.1478840504427739e+00
4.1969714356551142e+00
4.2460588208674546e+00
4.2951462060797949e+00
4.3442335912921353e+00
4.3933209765044756e+00
4.4424083617168169e+00
4.4914957469291572e+00
4.5405831321414976e+00
4.5896705173538388e+00
4.6387579025661791e+00
4.6878452877785195e+00
4.7369326729908598e+00
4.7860200582032002e+00
4.8351074434155406e+00
4.8841948286278809e+00
4.9332822138402221e+00
4.9823695990525625e+00
5.0314569842649028e+00
5.0805443694772441e+00
5.1296317546895844e+00
5.1787191399019248e+00
5.2278065251142651e+00
5.2768939103266055e+00
5.3259812955389458e+00
5.3750686807512862e+00
5.4241560659636265e+00
5.4732434511759678e+00
5.5223308363883081e+00
5.5714182216006485e+00
5.6205056068129888e+00
5.6695929920253301e+00
5.7186803772376704e+00
5.7677677624500108e+00
5.8168551476623511e+00
5.8659425328746915e+00
5.9150299180870318e+00
5.9641173032993731e+00
6.0132046885117134e+00
6.0622920737240538e+00
6.1113794589363941e+00
6.1604668441487345e+00
6.2095542293610757e+00
6.2586416145734161e+00
6.3077289997857564e+00
6.3568163849980968e+00
6.4059037702104371e+00
6.4549911554227783e+00
6.5040785406351187e+00
6.5531659258474591e+00
6.6022533110597994e+00
6.6513406962721398e+00
6.7004280814844810e+00
6.7495154666968213e+00
6.7986028519091617e+00
6.8476902371215020e+00
6.8967776223338424e+00
6.9458650075461827e+00
6.9949523927585240e+00
7.0440397779708643e+00
7.0931271631832047e+00
7.1422145483955450e+00
7.1913019336078854e+00
7.2403893188202266e+00
7.2894767040325670e+00
7.3385640892449073e+00
7.3876514744572477e+00
7.4367388596695880e+00
7.4858262448819284e+00
7.5349136300942696e+00
7.5840010153066100e+00
7.6330884005189503e+00
7.6821757857312907e+00
7.7312631709436310e+00
7.7803505561559723e+00
7.8294379413683126e+00
6.9486977687177154e-01
-8.2260300708250234e-01
3.4664007535178065e-02
1.5953400194010667e+00
1.6444274046134073e+00
1.6935147898257479e+00
1.7426021750380882e+00
1.7916895602504288e+00
1.8407769454627694e+00
1.8898643306751097e+00
1.9389517158874503e+00
1.9880391010997909e+00
2.0371264863121312e+00
2.0862138715244720e+00
2.1353012567368124e+00
2.1843886419491527e+00
2.2334760271614935e+00
2.2825634123738339e+00
2.3316507975861747e+00
2.3807381827985150e+00
2.4298255680108554e+00
2.4789129532231962e+00
2.5280003384355365e+00
2.5770877236478773e+00
2.6261751088602177e+00
2.6752624940725580e+00
2.7243498792848984e+00
2.7734372644972392e+00
2.8225246497095799e+00
2.8716120349219203e+00
2.9206994201342606e+00
2.9697868053466010e+00
3.0188741905589418e+00
3.0679615757712821e+00
3.1170489609836229e+00
3.1661363461959633e+00
3.2152237314083036e+00
3.2643111166206444e+00
3.3133985018329848e+00
3.3624858870453256e+00
3.4115732722576659e+00
3.4606606574700063e+00
3.5097480426823466e+00
3.5588354278946874e+00
3.6079228131070278e+00
3.6570101983193686e+00
3.7060975835317089e+00
3.7551849687440493e+00
3.8042723539563901e+00
3.8533597391687304e+00
3.9024471243810712e+00
3.9515345095934116e+00
4.0006218948057519e+00
4.0497092800180932e+00
4.0987966652304335e+00
4.1478840504427739e+00
4.1969714356551142e+00
4.2460588208674546e+00
4.2951462060797949e+00
4.3442335912921353e+00
4.3933209765044756e+00
4.4424083617168169e+00
4.4914957469291572e+00
4.5405831321414976e+00
4.5896705173538388e+00
4.6387579025661791e+00
4.6878452877785195e+00
4.7369326729908598e+00
4.7860200582032002e+00
4.8351074434155406e+00
4.8841948286278809e+00
4.9332822138402221e+00
4.9823695990525625e+00
5.0314569842649028e+00
5.0805443694772441e+00
5.1296317546895844e+00
5.1787191399019248e+00
5.2278065251142651e+00
5.2768939103266055e+00
5.3259812955389458e+00
5.3750686807512862e+00
5.4241560659636265e+00
5.4732434511759678e+00
5.5223308363883081e+00
5.5714182216006485e+00
5.6205056068129888e+00
5.6695929920253301e+00
5.7186803772376704e+00
5.7677677624500108e+00
5.8168551476623511e+00
5.8659425328746915e+00
5.9150299180870318e+00
5.9641173032993731e+00
6.0132046885117134e+00
6.0622920737240538e+00
6.1113794589363941e+00
6.1604668441487345e+00
6.2095542293610757e+00
6.2586416145734161e+00
6.3077289997857564e+00
6.3568163849980968e+00
6.4059037702104371e+00
6.4549911554227783e+00
6.5040785406351187e+00
6.5531659258474591e+00
6.6022533110597994e+00
6.6513406962721398e+00
6.7004280814844810e+00
6.7495154666968213e+00
6.7986028519091617e+00
6.8476902371215020e+00
6.8967776223338424e+00
6.9458650075461827e+00
6.9949523927585240e+00
7.0440397779708643e+00
7.0931271631832047e+00
7.1422145483955450e+00
7.1913019336078854e+00
7.2403893188202266e+00
7.2894767040325670e+00
7.3385640892449073e+00
7.3876514744572477e+00
7.4367388596695880e+00
7.4858262448819284e+00
7.5349136300942696e+00
7.5840010153066100e+00
7.6330884005189503e+00
7.6821757857312907e+00
7.7312631709436310e+00
7.7803505561559723e+00
7.8294379413683126e+00
6.1621963377629518e-01
7.0338324388995654e-01
-8.0458956720170205e-01
1.5953400194010667e+00
1.6444274046134073e+00
1.6935147898257479e+00
1.7426021750380882e+00
1.7916895602504288e+00
1.8407769454627694e+00
1.8898643306751097e+00
1.9389517158874503e+00
1.9880391010997909e+00
2.0371264863121312e+00
2.0862138715244720e+00
2.1353012567368124e+00
2.1843886419491527e+00
2.2334760271614935e+00
2.2825634123738339e+00
2.3316507975861747e+00
2.3807381827985150e+00
2.4298255680108554e+00
2.4789129532231962e+00
2.5280003384355365e+00
2.5770877236478773e+00
2.6261751088602177e+00
2.6752624940725580e+00
2.7243498792848984e+00
2.7734372644972392e+00
2.8225246497095799e+00
2.8716120349219203e+00
2.9206994201342606e+00
2.9697868053466010e+00
3.0188741905589418e+00
3.0679615757712821e+00
3.1170489609836229e+00
3.1661363461959633e+00
3.2152237314083036e+00
3.2643111166206444e+00
3.3133985018329848e+00
3.3624858870453256e+00
3.4115732722576659e+00
3.4606606574700063e+00
3.5097480426823466e+00
3.5588354278946874e+00
3.6079228131070278e+00
3.6570101983193686e+00
3.7060975835317089e+00
3.7551849687440493e+00
3.8042723539563901e+00
3.8533597391687304e+00
3.9024471243810712e+00
3.9515345095934116e+00
4.0006218948057519e+00
4.0497092800180932e+00
4.0987966652304335e+00
4.1478840504427739e+00
4.1969714356551142e+00
4.2460588208674546e+00
4.2951462060797949e+00
4.3442335912921353e+00
4.3933209765044756e+00
4.4424083617168169e+00
4.4914957469291572e+00
4.5405831321414976e+00
4.5896705173538388e+00
4.6387579025661791e+00
4.6878452877785195e+00
4.7369326729908598e+00
4.7860200582032002e+00
4.8351074434155406e+00
4.8841948286278809e+00
4.9332822138402221e+00
4.9823695990525625e+00
5.0314569842649028e+00
5.0805443694772441e+00
5.1296317546895844e+00
5.1787191399019248e+00
5.2278065251142651e+00
5.2768939103266055e+00
5.3259812955389458e+00
5.3750686807512862e+00
5.4241560659636265e+00
5.4732434511759678e+00
5.5223308363883081e+00
5.5714182216006485e+00
5.6205056068129888e+00
5.6695929920253301e+00
5.7186803772376704e+00
5.7677677624500108e+00
5.8168551476623511e+00
5.8659425328746915e+00
5.9150299180870318e+00
5.9641173032993731e+00
6.0132046885117134e+00
6.0622920737240538e+00
6.1113794589363941e+00
6.1604668441487345e+00
6.2095542293610757e+00
6.2586416145734161e+00
6.3077289997857564e+00
6.3568163849980968e+00
6.4059037702104371e+00
6.4549911554227783e+00
6.5040785406351187e+00
6.5531659258474591e+00
6.6022533110597994e+00
6.6513406962721398e+00
6.7004280814844810e+00
6.7495154666968213e+00
6.7986028519091617e+00
6.8476902371215020e+00
6.8967776223338424e+00
6.9458650075461827e+00
6.9949523927585240e+00
7.0440397779708643e+00
7.0931271631832047e+00
7.1422145483955450e+00
7.1913019336078854e+00
7.2403893188202266e+00
7.2894767040325670e+00
7.3385640892449073e+00
7.3876514744572477e+00
7.4367388596695880e+00
7.4858262448819284e+00
7.5349136300942696e+00
7.5840010153066100e+00
7.6330884005189503e+00
7.6821757857312907e+00
7.7312631709436310e+00
7.7803505561559723e+00
7.8294379413683126e+00
4.4544366191254231e-01
1.7943787043569848e-01
8.6034179991749737e-01
1.5953400194010667e+00
1.6444274046134073e+00
1.6935147898257479e+00
1.7426021750380882e+00
1.7916895602504288e+00
1.8407769454627694e+00
1.8898643306751097e+00
1.9389517158874503e+00
1.9880391010997909e+00
2.0371264863121312e+00
2.0862138715244720e+00
2.1353012567368124e+00
2.1843886419491527e+00
2.2334760271614935e+00
2.2825634123738339e+00
2.3316507975861747e+00
2.3807381827985150e+00
2.4298255680108554e+00
2.4789129532231962e+00
2.5280003384355365e+00
2.5770877236478773e+00
2.6261751088602177e+00
2.6752624940725580e+00
2.7243498792848984e+00
2.7734372644972392e+00
2.8225246497095799e+00
2.8716120349219203e+00
2.9206994201342606e+00
2.9697868053466010e+00
3.0188741905589418e+00
3.0679615757712821e+00
3.1170489609836229e+00
3.1661363461959633e+00
3.2152237314083036e+00
3.2643111166206444e+00
3.3133985018329848e+00
3.3624858870453256e+00
3.4115732722576659e+00
3.4606606574700063e+00
3.5097480426823466e+00
3.5588354278946874e+00
3.6079228131070278e+00
3.6570101983193686e+00
3.7060975835317089e+00
3.7551849687440493e+00
3.8042723539563901e+00
3.8533597391687304e+00
3.9024471243810712e+00
3.9515345095934116e+00
4.0006218948057519e+00
4.0497092800180932e+00
4.0987966652304335e+00
4.1478840504427739e+00
4.1969714356551142e+00
4.2460588208674546e+00
4.2951462060797949e+00
4.3442335912921353e+00
4.3933209765044756e+00
4.4424083617168169e+00
4.4914957469291572e+00
4.5405831321414976e+00
4.5896705173538388e+00
4.6387579025661791e+00
4.6878452877785195e+00
4.7369326729908598e+00
4.7860200582032002e+00
4.8351074434155406e+00
4.8841948286278809e+00
4.9332822138402221e+00
4.9823695990525625e+00
5.0314569842649028e+00
5.0805443694772441e+00
5.1296317546895844e+00
5.1787191399019248e+00
5.2278065251142651e+00
5.2768939103266055e+00
5.3259812955389458e+00
5.3750686807512862e+00
5.4241560659636265e+00
5.4732434511759678e+00
5.5223308363883081e+00
5.5714182216006485e+00
5.6205056068129888e+00
5.6695929920253301e+00
5.7186803772376704e+00
5.7677677624500108e+00
5.8168551476623511e+00
5.8659425328746915e+00
5.9150299180870318e+00
5.9641173032993731e+00
6.0132046885117134e+00
6.0622920737240538e+00
6.1113794589363941e+00
6.1604668441487345e+00
6.2095542293610757e+00
6.2586416145734161e+00
6.3077289997857564e+00
6.3568163849980968e+00
6.4059037702104371e+00
6.4549911554227783e+00
6.5040785406351187e+00
6.5531659258474591e+00
6.6022533110597994e+00
6.6513406962721398e+00
6.7004280814844810e+00
6.7495154666968213e+00
6.7986028519091617e+00
6.8476902371215020e+00
6.8967776223338424e+00
6.9458650075461827e+00
6.9949523927585240e+00
7.0440397779708643e+00
7.0931271631832047e+00
7.1422145483955450e+00
7.1913019336078854e+00
7.2403893188202266e+00
7.2894767040325670e+00
7.3385640892449073e+00
7.3876514744572477e+00
7.4367388596695880e+00
7.4858262448819284e+00
7.5349136300942696e+00
7.5840010153066100e+00
7.6330884005189503e+00
7.6821757857312907e+00
7.7312631709436310e+00
7.7803505561559723e+00
7.8294379413683126e+00
6.4034964044102338e-01
7.9525926198136254e-02
4.7021990045499784e-02
1.5953400194010667e+00
1.6444274046134073e+00
1.6935147898257479e+00
1.7426021750380882e+00
1.7916895602504288e+00
1.8407769454627694e+00
1.8898643306751097e+00
1.9389517158874503e+00
1.9880391010997909e+00
2.0371264863121312e+00
2.0862138715244720e+00
2.1353012567368124e+00
2.1843886419491527e+00
2.2334760271614935e+00
2.2825634123738339e+00
2.3316507975861747e+00
2.3807381827985150e+00
2.4298255680108554e+00
2.4789129532231962e+00
2.5280003384355365e+00
2.5770877236478773e+00
2.6261751088602177e+00
2.6752624940725580e+00
2.7243498792848984e+00
2.7734372644972392e+00
2.8225246497095799e+00
2.8716120349219203e+00
2.9206994201342606e+00
2.9697868053466010e+00
3.0188741905589418e+00
3.0679615757712821e+00
3.1170489609836229e+00
3.1661363461959633e+00
3.2152237314083036e+00
3.2643111166206444e+00
3.3133985018329848e+00
3.3624858870453256e+00
3.4115732722576659e+00
3.4606606574700063e+00
3.5097480426823466e+00
3.5588354278946874e+00
3.6079228131070278e+00
3.6570101983193686e+00
3.7060975835317089e+00
3.7551849687440493e+00
3.8042723539563901e+00
3.8533597391687304e+00
3.9024471243810712e+00
3.9515345095934116e+00
4.0006218948057519e+00
4.0497092800180932e+00
4.0987966652304335e+00
4.1478840504427739e+00
4.1969714356551142e+00
4.2460588208674546e+00
4.2951462060797949e+00
4.3442335912921353e+00
4.3933209765044756e+00
4.4424083617168169e+00
4.4914957469291572e+00
4.5405831321414976e+00
4.5896705173538388e+00
4.6387579025661791e+00
4.6878452877785195e+00
4.7369326729908598e+00
4.7860200582032002e+00
4.8351074434155406e+00
4.8841948286278809e+00
4.9332822138402221e+00
4.9823695990525625e+00
5.0314569842649028e+00
5.0805443694772441e+00
5.1296317546895844e+00
5.1787191399019248e+00
5.2278065251142651e+00
5.2768939103266055e+00
5.3259812955389458e+00
5.3750686807512862e+00
5.4241560659636265e+00
5.4732434511759678e+00
5.5223308363883081e+00
5.5714182216006485e+00
5.6205056068129888e+00
5.6695929920253301e+00
5.7186803772376704e+00
5.7677677624500108e+00
5.8168551476623511e+00
5.8659425328746915e+00
5.9150299180870318e+00
5.9641173032993731e+00
6.0132046885117134e+00
6.0622920737240538e+00
6.1113794589363941e+00
6.1604668441487345e+00
6.2095542293610757e+00
6.2586416145734161e+00
6.3077289997857564e+00
6.3568163849980968e+00
6.4059037702104371e+00
6.4549911554227783e+00
6.5040785406351187e+00
6.5531659258474591e+00
6.6022533110597994e+00
6.6513406962721398e+00
6.7004280814844810e+00
6.7495154666968213e+00
6.7986028519091617e+00
6.8476902371215020e+00
6.8967776223338424e+00
6.9458650075461827e+00
6.9949523927585240e+00
7.0440397779708643e+00
7.0931271631832047e+00
7.1422145483955450e+00
7.1913019336078854e+00
7.2403893188202266e+00
7.2894767040325670e+00
7.3385640892449073e+00
7.3876514744572477e+00
7.4367388596695880e+00
7.4858262448819284e+00
7.5349136300942696e+00
7.5840010153066100e+00
7.6330884005189503e+00
7.6821757857312907e+00
7.7312631709436310e+00
7.7803505561559723e+00
7.8294379413683126e+00
6.3408374012457647e-01
8.2101849929820281e-01
-6.5701215047993422e-02
1.5953400194010667e+00
1.6444274046134073e+00
1.6935147898257479e+00
1.7426021750380882e+00
1.7916895602504288e+00
1.8407769454627694e+00
1.8898643306751097e+00
1.9389517158874503e+00
1.9880391010997909e+00
2.0371264863121312e+00
2.0862138715244720e+00
2.1353012567368124e+00
2.1843886419491527e+00
2.2334760271614935e+00
2.2825634123738339e+00
2.3316507975861747e+00
2.3807381827985150e+00
2.4298255680108554e+00
2.4789129532231962e+00
2.5280003384355365e+00
2.5770877236478773e+00
2.6261751088602177e+00
2.6752624940725580e+00
2.7243498792848984e+00
2.7734372644972392e+00
2.8225246497095799e+00
2.8716120349219203e+00
2.9206994201342606e+00
2.9697868053466010e+00
3.0188741905589418e+00
3.0679615757712821e+00
3.1170489609836229e+00
3.1661363461959633e+00
3.2152237314083036e+00
3.2643111166206444e+00
3.3133985018329848e+00
3.3624858870453256e+00
3.4115732722576659e+00
3.4606606574700063e+00
3.5097480426823466e+00
3.5588354278946874e+00
3.6079228131070278e+00
3.6570101983193686e+00
3.7060975835317089e+00
3.7551849687440493e+00
3.8042723539563901e+00
3.8533597391687304e+00
3.9024471243810712e+00
3.9515345095934116e+00
4.0006218948057519e+00
4.0497092800180932e+00
4.0987966652304335e+00
4.1478840504427739e+00
4.1969714356551142e+00
4.2460588208674546e+00
4.2951462060797949e+00
4.3442335912921353e+00
4.3933209765044756e+00
4.4424083617168169e+00
4.4914957469291572e+00
4.5405831321414976e+00
4.5896705173538388e+00
4.6387579025661791e+00
4.6878452877785195e+00
4.7369326729908598e+00
4.7860200582032002e+00
4.8351074434155406e+00
4.8841948286278809e+00
4.9332822138402221e+00
4.9823695990525625e+00
5.0314569842649028e+00
5.0805443694772441e+00
5.1296317546895844e+00
5.1787191399019248e+00
5.2278065251142651e+00
5.2768939103266055e+00
5.3259812955389458e+00
5.3750686807512862e+00
5.4241560659636265e+00
5.4732434511759678e+00
5.5223308363883081e+00
5.5714182216006485e+00
5.6205056068129888e+00
5.6695929920253301e+00
5.7186803772376704e+00
5.7677677624500108e+00
5.8168551476623511e+00
5.8659425328746915e+00
5.9150299180870318e+00
5.9641173032993731e+00
6.0132046885117134e+00
6.0622920737240538e+00
6.1113794589363941e+00
6.1604668441487345e+00
6.2095542293610757e+00
6.2586416145734161e+00
6.3077289997857564e+00
6.3568163849980968e+00
6.4059037702104371e+00
6.4549911554227783e+00
6.5040785406351187e+00
6.5531659258474591e+00
6.6022533110597994e+00
6.6513406962721398e+00
6.7004280814844810e+00
6.7495154666968213e+00
6.7986028519091617e+00
6.8476902371215020e+00
6.8967776223338424e+00
6.9458650075461827e+00
6.9949523927585240e+00
7.0440397779708643e+00
7.0931271631832047e+00
7.1422145483955450e+00
7.1913019336078854e+00
7.2403893188202266e+00
7.2894767040325670e+00
7.3385640892449073e+00
7.3876514744572477e+00
7.4367388596695880e+00
7.4858262448819284e+00
7.5349136300942696e+00
7.5840010153066100e+00
7.6330884005189503e+00
7.6821757857312907e+00
7.7312631709436310e+00
7.7803505561559723e+00
7.8294379413683126e+00
5.7402823468780440e-01
8.3349643933395323e-01
-4.4204479737982916e-01
