1024
1
1.573864288370668
1.5800002115222105
1.586136134673753
1.5922720578252956
1.5984079809768381
1.6045439041283807
1.6106798272799232
1.6168157504314657
1.6229516735830083
1.6290875967345508
1.6352235198860936
1.6413594430376361
1.6474953661891787
1.6536312893407212
1.6597672124922638
1.6659031356438063
1.6720390587953489
1.6781749819468914
1.684310905098434
1.6904468282499765
1.696582751401519
1.7027186745530618
1.7088545977046044
1.714990520856147
1.7211264440076894
1.727262367159232
1.7333982903107745
1.739534213462317
1.7456701366138596
1.7518060597654022
1.7579419829169447
1.7640779060684872
1.77021382922003
1.7763497523715726
1.782485675523115
1.7886215986746576
1.7947575218262002
1.8008934449777427
1.8070293681292853
1.8131652912808278
1.8193012144323704
1.8254371375839131
1.8315730607354554
1.8377089838869982
1.8438449070385408
1.8499808301900833
1.8561167533416258
1.8622526764931684
1.868388599644711
1.8745245227962535
1.880660445947796
1.8867963690993386
1.8929322922508813
1.8990682154024237
1.9052041385539664
1.911340061705509
1.9174759848570515
1.923611908008594
1.9297478311601366
1.9358837543116791
1.9420196774632217
1.9481556006147642
1.9542915237663068
1.9604274469178495
1.9665633700693919
1.9726992932209346
1.9788352163724772
1.9849711395240197
1.9911070626755623
1.9972429858271048
2.0033789089786476
2.00951483213019
2.0156507552817327
2.021786678433275
2.0279226015848177
2.03405852473636
2.040194447887903
2.046330371039445
2.052466294190988
2.0586022173425302
2.064738140494073
2.0708740636456158
2.077009986797158
2.083145909948701
2.089281833100243
2.095417756251786
2.1015536794033283
2.107689602554871
2.113825525706414
2.119961448857956
2.1260973720094984
2.132233295161041
2.138369218312584
2.1445051414641263
2.150641064615669
2.1567769877672114
2.162912910918754
2.1690488340702965
2.1751847572218392
2.181320680373382
2.1874566035249243
2.1935925266764666
2.1997284498280094
2.205864372979552
2.2120002961310945
2.2181362192826373
2.2242721424341796
2.2304080655857224
2.2365439887372647
2.2426799118888074
2.24881583504035
2.2549517581918925
2.261087681343435
2.2672236044949776
2.2733595276465204
2.2794954507980627
2.2856313739496055
2.291767297101148
2.2979032202526906
2.304039143404233
2.3101750665557756
2.3163109897073184
2.3224469128588607
2.328582836010403
2.334718759161946
2.3408546823134886
2.346990605465031
2.3531265286165737
2.359262451768116
2.3653983749196588
2.371534298071201
2.377670221222744
2.3838061443742866
2.389942067525829
2.3960779906773713
2.402213913828914
2.408349836980457
2.414485760131999
2.420621683283542
2.426757606435084
2.432893529586627
2.4390294527381693
2.445165375889712
2.451301299041255
2.457437222192797
2.4635731453443395
2.4697090684958822
2.475844991647425
2.4819809147989673
2.48811683795051
2.4942527611020524
2.500388684253595
2.5065246074051375
2.5126605305566803
2.518796453708223
2.5249323768597653
2.5310683000113077
2.5372042231628504
2.543340146314393
2.5494760694659355
2.5556119926174783
2.5617479157690206
2.5678838389205634
2.5740197620721057
2.5801556852236485
2.5862916083751912
2.5924275315267336
2.598563454678276
2.6046993778298186
2.6108353009813614
2.6169712241329037
2.6231071472844465
2.6292430704359893
2.6353789935875316
2.641514916739074
2.6476508398906167
2.6537867630421594
2.6599226861937018
2.666058609345244
2.672194532496787
2.6783304556483296
2.684466378799872
2.6906023019514147
2.6967382251029575
2.7028741482545
2.709010071406042
2.715145994557585
2.7212819177091276
2.72741784086067
2.7335537640122123
2.739689687163755
2.745825610315298
2.75196153346684
2.758097456618383
2.7642333797699257
2.770369302921468
2.7765052260730103
2.782641149224553
2.788777072376096
2.794912995527638
2.8010489186791805
2.8071848418307233
2.813320764982266
2.8194566881338083
2.825592611285351
2.831728534436894
2.837864457588436
2.8440003807399785
2.8501363038915213
2.856272227043064
2.8624081501946064
2.8685440733461487
2.8746799964976915
2.8808159196492342
2.8869518428007765
2.8930877659523193
2.899223689103862
2.9053596122554044
2.9114955354069467
2.9176314585584895
2.9237673817100323
2.9299033048615746
2.936039228013117
2.9421751511646597
2.9483110743162024
2.9544469974677448
2.9605829206192875
2.9667188437708303
2.9728547669223726
2.978990690073915
2.9851266132254577
2.9912625363770005
2.997398459528543
3.003534382680085
3.009670305831628
3.0158062289831706
3.021942152134713
3.0280780752862557
3.0342139984377985
3.040349921589341
3.046485844740883
3.052621767892426
3.0587576910439687
3.064893614195511
3.0710295373470533
3.0771654604985965
3.083301383650139
3.089437306801681
3.095573229953224
3.1017091531047667
3.107845076256309
3.1139809994078513
3.120116922559394
3.126252845710937
3.132388768862479
3.1385246920140215
3.1446606151655647
3.150796538317107
3.1569324614686494
3.163068384620192
3.169204307771735
3.175340230923277
3.1814761540748195
3.1876120772263623
3.193748000377905
3.1998839235294474
3.2060198466809897
3.212155769832533
3.2182916929840752
3.2244276161356176
3.2305635392871603
3.236699462438703
3.2428353855902454
3.2489713087417877
3.2551072318933305
3.2612431550448733
3.2673790781964156
3.2735150013479584
3.279650924499501
3.2857868476510435
3.2919227708025858
3.2980586939541285
3.3041946171056713
3.3103305402572136
3.316466463408756
3.3226023865602987
3.3287383097118415
3.334874232863384
3.3410101560149266
3.3471460791664693
3.3532820023180117
3.359417925469554
3.3655538486210967
3.3716897717726395
3.377825694924182
3.383961618075724
3.390097541227267
3.3962334643788097
3.402369387530352
3.4085053106818948
3.4146412338334375
3.42077715698498
3.426913080136522
3.433049003288065
3.4391849264396077
3.44532084959115
3.4514567727426924
3.457592695894235
3.463728619045778
3.46986454219732
3.476000465348863
3.4821363885004057
3.488272311651948
3.4944082348034904
3.500544157955033
3.506680081106576
3.5128160042581182
3.5189519274096606
3.5250878505612033
3.531223773712746
3.5373596968642884
3.543495620015831
3.549631543167374
3.5557674663189163
3.5619033894704586
3.5680393126220014
3.574175235773544
3.5803111589250864
3.586447082076629
3.5925830052281715
3.5987189283797143
3.6048548515312566
3.6109907746827994
3.6171266978343417
3.6232626209858845
3.629398544137427
3.6355344672889696
3.6416703904405123
3.6478063135920547
3.6539422367435974
3.6600781598951397
3.6662140830466825
3.672350006198225
3.6784859293497676
3.68462185250131
3.6907577756528527
3.696893698804395
3.7030296219559378
3.7091655451074805
3.715301468259023
3.7214373914105656
3.727573314562108
3.7337092377136507
3.739845160865193
3.745981084016736
3.752117007168278
3.758252930319821
3.7643888534713636
3.770524776622906
3.7766606997744487
3.782796622925991
3.788932546077534
3.795068469229076
3.801204392380619
3.8073403155321612
3.813476238683704
3.8196121618352463
3.825748084986789
3.831884008138332
3.838019931289874
3.844155854441417
3.8502917775929593
3.856427700744502
3.8625636238960444
3.868699547047587
3.8748354701991294
3.880971393350672
3.8871073165022145
3.8932432396537573
3.8993791628053
3.9055150859568424
3.911651009108385
3.9177869322599275
3.9239228554114702
3.9300587785630126
3.9361947017145553
3.9423306248660976
3.9484665480176404
3.9546024711691827
3.9607383943207255
3.9668743174722683
3.9730102406238106
3.9791461637753534
3.9852820869268957
3.9914180100784384
3.9975539332299808
4.0036898563815235
4.009825779533066
4.015961702684608
4.022097625836151
4.028233548987694
4.034369472139236
4.040505395290779
4.0466413184423216
4.052777241593864
4.058913164745407
4.0650490878969485
4.071185011048492
4.077320934200034
4.083456857351576
4.08959278050312
4.095728703654662
4.101864626806204
4.108000549957747
4.11413647310929
4.120272396260832
4.126408319412375
4.132544242563917
4.13868016571546
4.144816088867002
4.150952012018545
4.157087935170088
4.16322385832163
4.169359781473172
4.175495704624716
4.181631627776258
4.1877675509278
4.1939034740793435
4.200039397230885
4.206175320382428
4.2123112435339705
4.218447166685513
4.224583089837056
4.230719012988598
4.236854936140141
4.242990859291684
4.249126782443226
4.2552627055947685
4.261398628746312
4.267534551897853
4.273670475049396
4.279806398200939
4.285942321352481
4.292078244504024
4.2982141676555665
4.304350090807109
4.310486013958652
4.316621937110194
4.322757860261737
4.32889378341328
4.335029706564821
4.3411656297163645
4.347301552867907
4.353437476019449
4.359573399170992
4.365709322322535
4.371845245474077
4.37798116862562
4.384117091777163
4.390253014928705
4.396388938080248
4.4025248612317895
4.408660784383333
4.414796707534875
4.420932630686417
4.427068553837961
4.433204476989503
4.439340400141045
4.4454763232925885
4.451612246444131
4.457748169595673
4.463884092747216
4.470020015898758
4.476155939050301
4.482291862201843
4.488427785353386
4.494563708504929
4.500699631656471
4.5068355548080135
4.512971477959557
4.519107401111099
4.525243324262641
4.5313792474141845
4.537515170565726
4.543651093717269
4.549787016868812
4.555922940020354
4.562058863171897
4.568194786323439
4.574330709474982
4.580466632626525
4.586602555778067
4.5927384789296095
4.598874402081153
4.605010325232694
4.611146248384237
4.617282171535781
4.623418094687322
4.629554017838865
4.6356899409904075
4.64182586414195
4.647961787293493
4.654097710445035
4.660233633596578
4.666369556748121
4.672505479899662
4.678641403051206
4.684777326202749
4.69091324935429
4.697049172505833
4.703185095657376
4.709321018808918
4.715456941960461
4.721592865112004
4.727728788263546
4.733864711415089
4.740000634566631
4.746136557718174
4.752272480869717
4.758408404021258
4.764544327172802
4.770680250324344
4.776816173475886
4.7829520966274295
4.789088019778972
4.795223942930514
4.801359866082057
4.807495789233599
4.813631712385142
4.819767635536685
4.825903558688227
4.83203948183977
4.838175404991312
4.8443113281428545
4.850447251294398
4.85658317444594
4.862719097597482
4.8688550207490255
4.874990943900567
4.88112686705211
4.887262790203653
4.893398713355195
4.899534636506738
4.90567055965828
4.911806482809823
4.917942405961366
4.924078329112908
4.9302142522644505
4.936350175415994
4.942486098567536
4.948622021719078
4.954757944870622
4.960893868022163
4.967029791173706
4.973165714325249
4.979301637476791
4.985437560628334
4.991573483779876
4.997709406931419
5.003845330082962
5.009981253234504
5.016117176386047
5.02225309953759
5.028389022689131
5.0345249458406744
5.040660868992217
5.046796792143759
5.052932715295302
5.059068638446845
5.065204561598387
5.07134048474993
5.0774764079014725
5.083612331053015
5.089748254204558
5.095884177356099
5.102020100507643
5.108156023659185
5.114291946810727
5.1204278699622705
5.126563793113813
5.132699716265355
5.138835639416898
5.144971562568441
5.151107485719983
5.157243408871526
5.163379332023068
5.169515255174611
5.175651178326153
5.1817871014776955
5.187923024629239
5.194058947780781
5.200194870932323
5.206330794083867
5.212466717235409
5.218602640386951
5.224738563538494
5.230874486690036
5.237010409841579
5.243146332993121
5.249282256144664
5.255418179296207
5.261554102447749
5.267690025599292
5.273825948750835
5.279961871902377
5.286097795053919
5.292233718205463
5.298369641357004
5.304505564508547
5.31064148766009
5.316777410811632
5.322913333963175
5.329049257114717
5.33518518026626
5.341321103417803
5.347457026569345
5.353592949720888
5.359728872872431
5.365864796023972
5.3720007191755155
5.378136642327058
5.3842725654786
5.390408488630143
5.396544411781686
5.402680334933228
5.408816258084771
5.4149521812363135
5.421088104387856
5.427224027539399
5.4333599506909405
5.439495873842484
5.445631796994026
5.451767720145568
5.4579036432971115
5.464039566448654
5.470175489600196
5.476311412751739
5.482447335903282
5.488583259054824
5.494719182206367
5.500855105357909
5.506991028509452
5.513126951660994
5.5192628748125365
5.52539879796408
5.531534721115622
5.537670644267164
5.543806567418708
5.54994249057025
5.556078413721792
5.562214336873335
5.568350260024877
5.57448618317642
5.580622106327962
5.586758029479505
5.592893952631048
5.59902987578259
5.605165798934133
5.611301722085676
5.617437645237218
5.62357356838876
5.629709491540303
5.635845414691846
5.641981337843388
5.648117260994931
5.654253184146473
5.660389107298016
5.6665250304495585
5.672660953601101
5.678796876752644
5.684932799904186
5.691068723055729
5.697204646207271
5.703340569358814
5.7094764925103565
5.715612415661899
5.721748338813441
5.727884261964984
5.734020185116527
5.740156108268069
5.746292031419612
5.7524279545711545
5.758563877722697
5.764699800874239
5.770835724025782
5.776971647177325
5.783107570328867
5.789243493480409
5.7953794166319526
5.801515339783495
5.807651262935037
5.81378718608658
5.819923109238123
5.826059032389665
5.832194955541207
5.838330878692751
5.844466801844293
5.850602724995835
5.8567386481473775
5.862874571298921
5.869010494450463
5.875146417602005
5.881282340753549
5.887418263905091
5.893554187056633
5.899690110208176
5.905826033359719
5.911961956511261
5.918097879662803
5.924233802814347
5.930369725965889
5.936505649117431
5.942641572268974
5.948777495420517
5.954913418572059
5.9610493417236015
5.967185264875144
5.973321188026687
5.979457111178229
5.985593034329772
5.991728957481315
5.997864880632857
6.0040008037843995
6.010136726935942
6.016272650087485
6.022408573239027
6.02854449639057
6.034680419542112
6.040816342693655
6.0469522658451975
6.05308818899674
6.059224112148283
6.065360035299825
6.071495958451368
6.07763188160291
6.083767804754453
6.0899037279059955
6.096039651057538
6.10217557420908
6.108311497360623
6.114447420512166
6.120583343663708
6.126719266815251
6.132855189966794
6.138991113118336
6.145127036269878
6.151262959421421
6.157398882572964
6.163534805724506
6.169670728876048
6.175806652027592
6.181942575179134
6.188078498330676
6.1942144214822195
6.200350344633762
6.206486267785304
6.212622190936846
6.21875811408839
6.224894037239932
6.231029960391474
6.237165883543017
6.24330180669456
6.249437729846102
6.2555736529976445
6.261709576149188
6.26784549930073
6.273981422452272
6.280117345603815
6.286253268755358
6.2923891919069
6.2985251150584425
6.304661038209985
6.310796961361528
6.31693288451307
6.323068807664613
6.329204730816156
6.335340653967698
6.3414765771192405
6.347612500270783
6.353748423422326
6.359884346573868
6.366020269725411
6.372156192876953
6.378292116028496
6.3844280391800385
6.390563962331581
6.396699885483124
6.402835808634666
6.408971731786209
6.415107654937751
6.421243578089294
6.427379501240837
6.433515424392379
6.439651347543921
6.445787270695464
6.451923193847007
6.458059116998549
6.464195040150092
6.470330963301635
6.476466886453177
6.482602809604719
6.4887387327562625
6.494874655907805
6.501010579059347
6.507146502210889
6.513282425362433
6.519418348513975
6.525554271665517
6.5316901948170605
6.537826117968603
6.543962041120145
6.5500979642716874
6.556233887423231
6.562369810574773
6.568505733726315
6.574641656877858
6.580777580029401
6.586913503180943
6.5930494263324855
6.599185349484029
6.605321272635571
6.611457195787113
6.617593118938656
6.623729042090199
6.629864965241741
6.6360008883932835
6.642136811544826
6.648272734696369
6.654408657847911
6.660544580999454
6.666680504150997
6.672816427302539
6.6789523504540815
6.685088273605624
6.691224196757167
6.697360119908709
6.703496043060252
6.709631966211795
6.715767889363337
6.72190381251488
6.728039735666422
6.734175658817965
6.740311581969507
6.74644750512105
6.752583428272592
6.758719351424135
6.764855274575678
6.77099119772722
6.777127120878763
6.7832630440303054
6.789398967181848
6.79553489033339
6.801670813484933
6.807806736636476
6.813942659788018
6.82007858293956
6.8262145060911035
6.832350429242646
6.838486352394188
6.844622275545731
6.850758198697274
6.856894121848816
6.863030045000358
6.8691659681519015
6.875301891303444
6.881437814454986
6.8875737376065285
6.893709660758072
6.899845583909614
6.905981507061156
6.9121174302126995
6.918253353364242
6.924389276515784
6.9305251996673265
6.93666112281887
6.942797045970412
6.948932969121954
6.955068892273497
6.96120481542504
6.967340738576582
6.9734766617281245
6.979612584879668
6.98574850803121
6.991884431182752
6.998020354334295
7.004156277485838
7.01029220063738
7.0164281237889226
7.022564046940465
7.028699970092008
7.03483589324355
7.040971816395093
7.047107739546636
7.053243662698178
7.059379585849721
7.065515509001263
7.071651432152806
7.077787355304348
7.083923278455891
7.090059201607433
7.096195124758976
7.102331047910519
7.108466971062061
7.114602894213604
7.1207388173651465
7.126874740516689
7.133010663668231
7.139146586819774
7.145282509971317
7.151418433122859
7.157554356274401
7.1636902794259445
7.169826202577487
7.175962125729029
7.182098048880572
7.188233972032115
7.194369895183657
7.200505818335199
7.2066417414867425
7.212777664638285
7.218913587789827
7.2250495109413695
7.231185434092913
7.237321357244455
7.243457280395997
7.2495932035475406
7.255729126699083
7.261865049850625
7.2680009730021675
7.274136896153711
7.280272819305253
7.286408742456795
7.292544665608338
7.298680588759881
7.304816511911423
7.3109524350629655
7.317088358214509
7.323224281366051
7.329360204517593
7.335496127669136
7.341632050820679
7.347767973972221
7.353903897123764
7.360039820275306
7.366175743426849
7.372311666578391
7.378447589729934
7.384583512881477
7.390719436033019
7.396855359184562
7.402991282336104
7.409127205487647
7.4152631286391895
7.421399051790732
7.427534974942274
7.433670898093817
7.43980682124536
7.445942744396902
7.452078667548445
7.4582145906999875
7.46435051385153
7.470486437003072
7.476622360154615
7.482758283306158
7.4888942064577
7.495030129609243
7.5011660527607855
7.507301975912328
7.51343789906387
7.519573822215413
7.525709745366956
7.531845668518498
7.53798159167004
7.5441175148215835
7.550253437973126
7.556389361124668
7.562525284276211
7.568661207427754
7.574797130579296
7.580933053730838
7.587068976882382
7.593204900033924
7.599340823185466
7.6054767463370085
7.611612669488552
7.617748592640094
7.623884515791636
7.63002043894318
7.636156362094722
7.642292285246264
7.648428208397807
7.65456413154935
7.660700054700892
7.666835977852434
7.672971901003977
7.67910782415552
7.685243747307062
7.691379670458605
7.697515593610148
7.70365151676169
7.7097874399132325
7.715923363064775
7.722059286216318
7.72819520936786
7.734331132519403
7.740467055670945
7.746602978822488
7.7527389019740305
7.758874825125573
7.765010748277116
7.771146671428658
7.777282594580201
7.783418517731743
7.789554440883286
7.7956903640348285
7.801826287186371
7.807962210337913
7.814098133489456
7.820234056640999
7.826369979792541
7.832505902944084
7.8386418260956265
7.844777749247169
7.850913672398711
1.2566370614359172
0
0
